NaN	NaN	NaN	NaN	NaN	NaN	NaN	0.313	0.433982665	0.390581537	0.698195218	0.264170856	0.251834649	0.324432942	0.292767736	0.246299775	2016
0.354	0.258	0.396	0.350	0.336	0.467	0.501	0.259	0.420728733	0.306616539	0.631007162	0.209566311	0.210400364	0.248359273	0.203079125	0.215090232	2015
0.329	0.274	0.269	0.225	0.312	0.441	0.564	0.419	0.576758596	0.491148717	0.614787174	0.225901385	0.269507434	0.326101473	0.231412043	0.244481364	2014
0.271	0.355	0.450	0.460	0.461	0.397	0.447	0.368	0.466671547	0.374674194	0.405380075	0.21163619	0.305962605	0.349506647	0.296381315	0.261681124	2013
0.517	0.417	0.441	0.702	0.442	0.555	0.503	0.488	0.585034571	0.529147903	0.60700351	0.248239146	0.370887091	0.3965953	0.240898683	0.305033852	2012
0.267	0.311	0.170	0.329	0.380	0.383	0.301	0.271	0.441585918	0.310859667	0.391247797	0.201884136	0.310702951	0.242318026	0.268085773	0.258336037	2011
0.354	0.301	0.202	0.407	0.538	0.732	0.677	0.508	0.534694476	0.666085543	0.828658778	0.366897851	0.372025639	0.539421999	0.479402091	0.484204551	2010
0.229	0.186	0.213	0.268	0.226	0.290	0.324	0.327	0.305549374	0.322646809	0.538007065	0.135116236	0.138520601	0.239341456	0.224561386	0.195364293	2009
0.318	0.329	0.471	0.306	0.687	0.538	0.426	0.499	0.412917965	0.482813098	0.659679835	0.211376944	0.276758459	0.337014352	0.274354846	0.299592996	2008
0.465	0.431	0.584	0.505	0.579	0.664	0.559	0.501	0.459299227	0.43633626	0.749132207	0.245001183	0.256966481	0.270765307	0.274701184	0.274762939	2007
0.365	0.408	0.393	0.472	0.487	0.411	0.331	0.312	0.386056478	0.364676613	0.512355845	0.198609734	0.264789317	0.295339048	0.28691231	0.285737912	2006
0.511	0.603	0.620	0.628	0.583	0.592	0.663	0.487	0.60107284	0.494125461	0.661811629	0.445895988	0.337903937	0.416905925	0.343123434	0.357096085	2005
0.372	0.449	0.612	0.520	0.497	0.575	0.423	0.394	0.407426176	0.550070937	0.714462627	0.399835595	0.284811504	0.470823936	0.286514259	0.29213342	2004
0.511	0.482	0.356	0.444	0.501	0.553	0.664	0.527	0.383415382	0.558895793	0.828948781	0.403452592	0.388185015	0.273976241	0.392897043	0.388899408	2003
0.354	0.312	0.391	0.300	0.352	0.389	0.436	0.352	0.217155086	0.316473672	0.550671644	0.120333259	0.17020848	0.174774769	0.24816841	0.243597227	2002
0.522	0.469	0.437	0.492	0.587	0.653	0.533	0.505	0.395736931	0.51128163	0.986432899	0.217350449	0.326236954	0.191162357	0.327377472	0.361582047	2001
0.440	0.502	0.437	0.469	0.589	0.708	0.556	0.548	0.601445361	0.571815863	0.871548862	0.406670537	0.406818752	0.312243525	0.312646863	0.307048421	2000
0.297	0.409	0.369	0.548	0.663	0.654	0.636	0.589	0.582979242	0.553119601	0.901770208	0.346110162	0.358940893	0.453292353	0.405111973	0.416500849	1999
0.382	0.281	0.305	0.334	0.346	0.368	0.368	0.355	0.447733744	0.368927567	0.635716692	0.299045496	0.381436083	0.327799687	0.287501914	0.287281691	1998
0.535	0.387	0.387	0.399	0.460	0.523	0.407	0.472	0.524814233	0.498330651	0.932556982	0.358270293	0.381412601	0.434589064	0.388579825	0.410156743	1997
0.625	0.620	0.564	0.571	0.613	0.612	0.642	0.664	0.553697451	0.637540558	NaN	0.386061144	0.34489324	0.38028793	0.372549739	0.379901815	1996
0.320	0.279	0.279	0.333	0.414	0.567	0.439	0.450	0.402222507	0.483645691	NaN	0.324374812	0.401675368	0.355903783	0.395503443	0.393340601	1995
0.245	0.322	0.225	0.335	0.401	0.389	0.375	0.434	0.404767815	0.433538829	NaN	0.336538121	0.316164385	0.352741768	0.314242321	0.311399294	1994
0.343	0.276	0.330	0.315	0.342	0.421	0.380	0.445	0.3812476	0.361422457	NaN	0.301272283	0.19029049	0.278526882	0.291952542	0.293555067	1993
0.413	0.381	0.378	0.343	0.359	0.395	NaN	0.439	0.345194529	0.345043765	NaN	0.25598677	0.181202324	0.272347436	0.193320623	0.19408682	1992
0.433	0.455	0.409	0.444	0.495	0.561	NaN	0.533	0.526236432	0.525297068	NaN	0.359027596	0.379343743	0.380989211	0.298253083	0.294105376	1991
0.381	0.262	0.351	0.423	0.490	0.660	NaN	0.462	0.49472972	0.540324756	NaN	0.444427315	0.384948379	0.342583731	0.393221353	0.392658679	1990
0.372	0.380	0.299	0.377	0.368	0.350	NaN	0.326	0.296705896	0.323194445	NaN	0.316794493	0.193629881	0.220526007	0.225909321	0.229408777	1989
0.441	0.453	0.374	0.344	0.459	0.490	NaN	0.465	0.427577202	0.415649557	NaN	0.459323218	0.241571632	0.25387528	0.294356239	0.312000801	1988
0.403	0.430	0.403	0.526	0.536	0.664	NaN	0.566	0.545144919	0.562736437	NaN	0.378277908	0.248698627	0.412068315	0.26967078	0.374538317	1987
0.498	0.472	0.493	0.471	0.513	0.467	NaN	0.521	0.471133066	0.471069203	NaN	0.346180805	0.303381328	0.291121448	0.369763031	0.261090179	1986
0.331	0.308	0.302	0.411	0.525	0.540	NaN	0.388	0.386097589	0.515536047	NaN	0.361619933	0.371073067	0.26197859	0.312535106	0.307825909	1985
0.426	0.414	0.279	0.403	0.402	NaN	NaN	0.390	0.424841754	0.399302765	NaN	0.414244046	0.281905605	0.342492195	0.274529088	0.271237702	1984
0.749	0.596	0.589	0.641	NaN	NaN	NaN	0.530	NaN	NaN	NaN	0.38482068	0.236697634	0.254182873	0.240753407	0.271839349	1983
0.286	0.314	0.377	0.298	NaN	NaN	NaN	0.315	NaN	NaN	NaN	0.258049188	0.243689295	0.307380161	0.257267661	0.183864749	1982
0.363	0.329	0.293	0.436	NaN	NaN	NaN	0.431	NaN	NaN	NaN	0.346517376	0.296416677	0.331687205	0.217131211	0.263724627	1981
0.322	0.322	0.344	0.352	NaN	NaN	NaN	0.364	NaN	NaN	NaN	0.339502803	0.336395992	0.429838589	0.36231115	0.386314987	1980
0.352	0.305	0.339	0.341	NaN	NaN	NaN	0.424	NaN	NaN	NaN	0.389820282	0.211780427	0.376637709	0.233961717	0.305663866	1979
0.332	0.346	0.361	0.330	NaN	NaN	NaN	0.392	NaN	NaN	NaN	0.34650029	0.197283554	0.286973267	0.340001677	NaN	1978
0.381	0.390	0.325	0.337	NaN	NaN	NaN	NaN	NaN	NaN	NaN	0.426464863	0.288822151	0.38134781	0.317201548	NaN	1977
0.431	0.399	0.361	0.439	NaN	NaN	NaN	NaN	NaN	NaN	NaN	0.387377535	0.322337382	0.341862622	0.383564935	NaN	1976
0.388	0.382	0.436	NaN	NaN	NaN	NaN	NaN	NaN	NaN	NaN	0.413277167	0.334943569	0.424592112	0.306328294	NaN	1975
0.313	0.301	0.275	NaN	NaN	NaN	NaN	NaN	NaN	NaN	NaN	0.363132825	0.328133531	0.384080352	0.367448945	NaN	1974
0.293	0.316	0.322	NaN	NaN	NaN	NaN	NaN	NaN	NaN	NaN	0.359045995	0.304033986	NaN	0.325594669	NaN	1973
0.416	0.329	0.315	NaN	NaN	NaN	NaN	NaN	NaN	NaN	NaN	0.30354823	0.198400017	NaN	0.222545126	NaN	1972
0.338	0.317	0.302	NaN	NaN	NaN	NaN	NaN	NaN	NaN	NaN	0.216151676	0.207461645	NaN	0.262589365	NaN	1971
0.447	0.402	NaN	NaN	NaN	NaN	NaN	NaN	NaN	NaN	NaN	0.327131472	0.294828779	NaN	0.270878697	NaN	1970
0.484	0.407	NaN	NaN	NaN	NaN	NaN	NaN	NaN	NaN	NaN	0.388050849	0.411652224	NaN	0.306268901	NaN	1969
0.327	NaN	NaN	NaN	NaN	NaN	NaN	NaN	NaN	NaN	NaN	0.396092945	0.278406956	NaN	NaN	NaN	1968
0.415	NaN	NaN	NaN	NaN	NaN	NaN	NaN	NaN	NaN	NaN	0.410662284	0.237976645	NaN	NaN	NaN	1967
0.358	NaN	NaN	NaN	NaN	NaN	NaN	NaN	NaN	NaN	NaN	0.293525395	0.249146671	NaN	NaN	NaN	1966
NaN	NaN	NaN	NaN	NaN	NaN	NaN	NaN	NaN	NaN	NaN	0.38710885	0.352160108	NaN	NaN	NaN	1965
NaN	NaN	NaN	NaN	NaN	NaN	NaN	NaN	NaN	NaN	NaN	0.43794903	0.282955396	NaN	NaN	NaN	1964
NaN	NaN	NaN	NaN	NaN	NaN	NaN	NaN	NaN	NaN	NaN	0.330551437	0.258627548	NaN	NaN	NaN	1963
NaN	NaN	NaN	NaN	NaN	NaN	NaN	NaN	NaN	NaN	NaN	0.334967265	0.273294797	NaN	NaN	NaN	1962
NaN	NaN	NaN	NaN	NaN	NaN	NaN	NaN	NaN	NaN	NaN	NaN	0.231225812	NaN	NaN	NaN	1961
NaN	NaN	NaN	NaN	NaN	NaN	NaN	NaN	NaN	NaN	NaN	NaN	0.241856601	NaN	NaN	NaN	1960
NaN	NaN	NaN	NaN	NaN	NaN	NaN	NaN	NaN	NaN	NaN	NaN	0.223021633	NaN	NaN	NaN	1959
NaN	NaN	NaN	NaN	NaN	NaN	NaN	NaN	NaN	NaN	NaN	NaN	0.327415549	NaN	NaN	NaN	1958
NaN	NaN	NaN	NaN	NaN	NaN	NaN	NaN	NaN	NaN	NaN	NaN	0.262051953	NaN	NaN	NaN	1957
NaN	NaN	NaN	NaN	NaN	NaN	NaN	NaN	NaN	NaN	NaN	NaN	0.3682798	NaN	NaN	NaN	1956
NaN	NaN	NaN	NaN	NaN	NaN	NaN	NaN	NaN	NaN	NaN	NaN	0.253939086	NaN	NaN	NaN	1955
