539	344	1.95E+05
540	344	1.95E+05
541	344	1.95E+05
542	344	1.96E+05
543	344	1.96E+05
544	344	1.96E+05
544	343	1.96E+05
545	343	1.97E+05
546	343	1.97E+05
547	343	1.97E+05
548	343	1.98E+05
549	343	1.98E+05
550	343	1.99E+05
550	342	1.99E+05
551	342	1.99E+05
552	342	1.99E+05
553	342	2.00E+05
554	342	2.00E+05
555	342	2.00E+05
555	341	2.00E+05
556	341	2.01E+05
557	341	2.01E+05
558	341	2.01E+05
559	341	2.02E+05
559	340	2.02E+05
560	340	2.02E+05
561	340	2.03E+05
562	340	2.03E+05
563	340	2.03E+05
563	339	2.03E+05
564	339	2.04E+05
565	339	2.04E+05
566	339	2.04E+05
566	338	2.04E+05
567	338	2.05E+05
568	338	2.05E+05
569	338	2.05E+05
570	338	2.06E+05
570	337	2.06E+05
571	337	2.06E+05
572	337	2.06E+05
572	336	2.06E+05
573	336	2.07E+05
574	336	2.07E+05
575	336	2.08E+05
575	335	2.08E+05
576	335	2.08E+05
577	335	2.08E+05
577	334	2.08E+05
578	334	2.09E+05
579	334	2.09E+05
579	333	2.09E+05
580	333	2.09E+05
581	333	2.10E+05
581	332	2.10E+05
582	332	2.10E+05
583	332	2.10E+05
583	331	2.10E+05
584	331	2.11E+05
585	331	2.11E+05
585	330	2.11E+05
586	330	2.12E+05
586	329	2.12E+05
587	329	2.12E+05
588	329	2.12E+05
588	328	2.12E+05
589	328	2.13E+05
589	327	2.13E+05
590	327	2.13E+05
590	326	2.13E+05
591	326	2.13E+05
592	326	2.14E+05
592	325	2.14E+05
593	325	2.14E+05
593	324	2.14E+05
594	324	2.14E+05
594	323	2.14E+05
595	323	2.15E+05
595	322	2.15E+05
596	322	2.15E+05
596	321	2.15E+05
597	321	2.15E+05
597	320	2.15E+05
598	320	2.16E+05
598	319	2.16E+05
598	318	2.16E+05
599	318	2.16E+05
599	317	2.16E+05
600	317	2.17E+05
600	316	2.17E+05
601	316	2.17E+05
601	315	2.17E+05
601	314	2.17E+05
602	314	2.17E+05
602	313	2.17E+05
603	313	2.18E+05
603	312	2.18E+05
603	311	2.18E+05
604	311	2.18E+05
604	310	2.18E+05
604	309	2.18E+05
605	309	2.18E+05
605	308	2.18E+05
605	307	2.18E+05
606	307	2.19E+05
606	306	2.19E+05
606	305	2.19E+05
607	305	2.19E+05
607	304	2.19E+05
607	303	2.19E+05
608	303	2.19E+05
608	302	2.19E+05
608	301	2.19E+05
609	301	2.20E+05
609	300	2.20E+05
609	299	2.20E+05
567	339	2.05E+05
591	327	2.13E+05
599	319	2.16E+05
606	308	2.19E+05
573	337	2.07E+05
545	344	1.97E+05
560	341	2.02E+05
607	306	2.19E+05
580	334	2.09E+05
587	330	2.12E+05
602	315	2.17E+05
605	310	2.18E+05
582	333	2.10E+05
551	343	1.99E+05
564	340	2.04E+05
578	335	2.09E+05
556	342	2.01E+05
590	328	2.13E+05
608	304	2.19E+05
584	332	2.11E+05
600	318	2.17E+05
604	312	2.18E+05
576	336	2.08E+05
546	344	1.97E+05
571	338	2.06E+05
568	339	2.05E+05
609	302	2.20E+05
561	341	2.03E+05
586	331	2.12E+05
610	299	2.20E+05
603	314	2.18E+05
552	343	1.99E+05
589	329	2.13E+05
601	317	2.17E+05
595	324	2.15E+05
596	323	2.15E+05
557	342	2.01E+05
594	325	2.14E+05
574	337	2.07E+05
597	322	2.15E+05
565	340	2.04E+05
593	326	2.14E+05
598	321	2.16E+05
547	344	1.97E+05
581	334	2.10E+05
606	309	2.19E+05
607	307	2.19E+05
579	335	2.09E+05
583	333	2.10E+05
605	311	2.18E+05
588	330	2.12E+05
592	327	2.14E+05
610	300	2.20E+05
599	320	2.16E+05
608	305	2.19E+05
602	316	2.17E+05
553	343	2.00E+05
577	336	2.08E+05
562	341	2.03E+05
569	339	2.05E+05
585	332	2.11E+05
572	338	2.06E+05
604	313	2.18E+05
541	345	1.95E+05
558	342	2.01E+05
548	344	1.98E+05
591	328	2.13E+05
600	319	2.17E+05
566	340	2.04E+05
609	303	2.20E+05
575	337	2.08E+05
542	345	1.96E+05
587	331	2.12E+05
554	343	2.00E+05
603	315	2.18E+05
590	329	2.13E+05
601	318	2.17E+05
563	341	2.03E+05
582	334	2.10E+05
580	335	2.09E+05
549	344	1.98E+05
559	342	2.02E+05
607	308	2.19E+05
606	310	2.19E+05
610	301	2.20E+05
570	339	2.06E+05
584	333	2.11E+05
543	345	1.96E+05
596	324	2.15E+05
595	325	2.15E+05
573	338	2.07E+05
578	336	2.09E+05
597	323	2.15E+05
605	312	2.18E+05
608	306	2.19E+05
567	340	2.05E+05
594	326	2.14E+05
598	322	2.16E+05
589	330	2.13E+05
555	343	2.00E+05
586	332	2.12E+05
602	317	2.17E+05
593	327	2.14E+05
576	337	2.08E+05
609	304	2.20E+05
599	321	2.16E+05
604	314	2.18E+05
550	344	1.99E+05
544	345	1.96E+05
560	342	2.02E+05
564	341	2.04E+05
592	328	2.14E+05
600	320	2.17E+05
571	339	2.06E+05
588	331	2.12E+05
581	335	2.10E+05
556	343	2.01E+05
583	334	2.10E+05
568	340	2.05E+05
603	316	2.18E+05
610	302	2.20E+05
574	338	2.07E+05
607	309	2.19E+05
551	344	1.99E+05
545	345	1.97E+05
579	336	2.09E+05
591	329	2.13E+05
606	311	2.19E+05
585	333	2.11E+05
601	319	2.17E+05
608	307	2.19E+05
611	299	2.21E+05
561	342	2.03E+05
605	313	2.18E+05
565	341	2.04E+05
577	337	2.08E+05
609	305	2.20E+05
587	332	2.12E+05
590	330	2.13E+05
557	343	2.01E+05
596	325	2.15E+05
546	345	1.97E+05
597	324	2.15E+05
552	344	1.99E+05
595	326	2.15E+05
602	318	2.17E+05
611	300	2.21E+05
604	315	2.18E+05
572	339	2.06E+05
598	323	2.16E+05
569	340	2.05E+05
594	327	2.14E+05
575	338	2.08E+05
599	322	2.16E+05
610	303	2.20E+05
582	335	2.10E+05
562	342	2.03E+05
584	334	2.11E+05
580	336	2.09E+05
593	328	2.14E+05
566	341	2.04E+05
589	331	2.13E+05
547	345	1.97E+05
607	310	2.19E+05
600	321	2.17E+05
553	344	2.00E+05
558	343	2.01E+05
606	312	2.19E+05
608	308	2.19E+05
603	317	2.18E+05
586	333	2.12E+05
578	337	2.09E+05
592	329	2.14E+05
605	314	2.18E+05
609	306	2.20E+05
601	320	2.17E+05
573	339	2.07E+05
570	340	2.06E+05
611	301	2.21E+05
548	345	1.98E+05
563	342	2.03E+05
588	332	2.12E+05
576	338	2.08E+05
554	344	2.00E+05
591	330	2.13E+05
567	341	2.05E+05
559	343	2.02E+05
604	316	2.18E+05
610	304	2.20E+05
602	319	2.17E+05
583	335	2.10E+05
581	336	2.10E+05
597	325	2.15E+05
585	334	2.11E+05
596	326	2.15E+05
598	324	2.16E+05
549	345	1.98E+05
607	311	2.19E+05
595	327	2.15E+05
579	337	2.09E+05
608	309	2.19E+05
599	323	2.16E+05
590	331	2.13E+05
571	340	2.06E+05
606	313	2.19E+05
564	342	2.04E+05
555	344	2.00E+05
574	339	2.07E+05
587	333	2.12E+05
594	328	2.14E+05
560	343	2.02E+05
603	318	2.18E+05
609	307	2.20E+05
600	322	2.17E+05
611	302	2.21E+05
568	341	2.05E+05
605	315	2.18E+05
577	338	2.08E+05
550	345	1.99E+05
593	329	2.14E+05
601	321	2.17E+05
589	332	2.13E+05
610	305	2.20E+05
612	299	2.21E+05
556	344	2.01E+05
582	336	2.10E+05
584	335	2.11E+05
565	342	2.04E+05
592	330	2.14E+05
604	317	2.18E+05
561	343	2.03E+05
572	340	2.06E+05
575	339	2.08E+05
580	337	2.09E+05
586	334	2.12E+05
551	345	1.99E+05
602	320	2.17E+05
607	312	2.19E+05
612	300	2.21E+05
569	341	2.05E+05
608	310	2.19E+05
611	303	2.21E+05
606	314	2.19E+05
609	308	2.20E+05
591	331	2.13E+05
578	338	2.09E+05
588	333	2.12E+05
557	344	2.01E+05
597	326	2.15E+05
598	325	2.16E+05
596	327	2.15E+05
599	324	2.16E+05
603	319	2.18E+05
566	342	2.04E+05
552	345	1.99E+05
562	343	2.03E+05
595	328	2.15E+05
605	316	2.18E+05
610	306	2.20E+05
600	323	2.17E+05
573	340	2.07E+05
583	336	2.10E+05
594	329	2.14E+05
570	341	2.06E+05
576	339	2.08E+05
590	332	2.13E+05
585	335	2.11E+05
558	344	2.01E+05
581	337	2.10E+05
601	322	2.17E+05
612	301	2.21E+05
587	334	2.12E+05
604	318	2.18E+05
553	345	2.00E+05
593	330	2.14E+05
608	311	2.19E+05
611	304	2.21E+05
607	313	2.19E+05
563	343	2.03E+05
567	342	2.05E+05
579	338	2.09E+05
602	321	2.17E+05
609	309	2.20E+05
606	315	2.19E+05
589	333	2.13E+05
574	340	2.07E+05
559	344	2.02E+05
592	331	2.14E+05
571	341	2.06E+05
610	307	2.20E+05
554	345	2.00E+05
577	339	2.08E+05
605	317	2.18E+05
603	320	2.18E+05
584	336	2.11E+05
598	326	2.16E+05
597	327	2.15E+05
564	343	2.04E+05
612	302	2.21E+05
599	325	2.16E+05
582	337	2.10E+05
586	335	2.12E+05
568	342	2.05E+05
596	328	2.15E+05
600	324	2.17E+05
591	332	2.13E+05
611	305	2.21E+05
580	338	2.09E+05
560	344	2.02E+05
595	329	2.15E+05
588	334	2.12E+05
608	312	2.19E+05
555	345	2.00E+05
549	346	1.98E+05
601	323	2.17E+05
607	314	2.19E+05
604	319	2.18E+05
609	310	2.20E+05
575	340	2.08E+05
572	341	2.06E+05
594	330	2.14E+05
613	299	2.21E+05
606	316	2.19E+05
565	343	2.04E+05
578	339	2.09E+05
610	308	2.20E+05
602	322	2.17E+05
590	333	2.13E+05
569	342	2.05E+05
550	346	1.99E+05
613	300	2.21E+05
556	345	2.01E+05
561	344	2.03E+05
612	303	2.21E+05
593	331	2.14E+05
585	336	2.11E+05
583	337	2.10E+05
605	318	2.18E+05
587	335	2.12E+05
603	321	2.18E+05
611	306	2.21E+05
581	338	2.10E+05
573	341	2.07E+05
576	340	2.08E+05
551	346	1.99E+05
566	343	2.04E+05
592	332	2.14E+05
608	313	2.19E+05
598	327	2.16E+05
589	334	2.13E+05
599	326	2.16E+05
609	311	2.20E+05
557	345	2.01E+05
597	328	2.15E+05
607	315	2.19E+05
562	344	2.03E+05
570	342	2.06E+05
600	325	2.17E+05
579	339	2.09E+05
596	329	2.15E+05
604	320	2.18E+05
610	309	2.20E+05
601	324	2.17E+05
613	301	2.21E+05
606	317	2.19E+05
612	304	2.21E+05
552	346	1.99E+05
595	330	2.15E+05
591	333	2.13E+05
584	337	2.11E+05
586	336	2.12E+05
567	343	2.05E+05
602	323	2.17E+05
558	345	2.01E+05
574	341	2.07E+05
611	307	2.21E+05
577	340	2.08E+05
582	338	2.10E+05
563	344	2.03E+05
588	335	2.12E+05
594	331	2.14E+05
605	319	2.18E+05
571	342	2.06E+05
553	346	2.00E+05
603	322	2.18E+05
608	314	2.19E+05
580	339	2.09E+05
609	312	2.20E+05
590	334	2.13E+05
593	332	2.14E+05
607	316	2.19E+05
613	302	2.21E+05
559	345	2.02E+05
610	310	2.20E+05
612	305	2.21E+05
568	343	2.05E+05
564	344	2.04E+05
575	341	2.08E+05
599	327	2.16E+05
604	321	2.18E+05
598	328	2.16E+05
554	346	2.00E+05
606	318	2.19E+05
600	326	2.17E+05
585	337	2.11E+05
578	340	2.09E+05
597	329	2.15E+05
572	342	2.06E+05
587	336	2.12E+05
611	308	2.21E+05
583	338	2.10E+05
601	325	2.17E+05
592	333	2.14E+05
596	330	2.15E+05
560	345	2.02E+05
589	335	2.13E+05
602	324	2.17E+05
581	339	2.10E+05
569	343	2.05E+05
614	299	2.22E+05
605	320	2.18E+05
555	346	2.00E+05
565	344	2.04E+05
595	331	2.15E+05
613	303	2.21E+05
609	313	2.20E+05
608	315	2.19E+05
612	306	2.21E+05
614	300	2.22E+05
576	341	2.08E+05
610	311	2.20E+05
603	323	2.18E+05
591	334	2.13E+05
607	317	2.19E+05
573	342	2.07E+05
561	345	2.03E+05
579	340	2.09E+05
594	332	2.14E+05
586	337	2.12E+05
556	346	2.01E+05
611	309	2.21E+05
584	338	2.11E+05
588	336	2.12E+05
566	344	2.04E+05
606	319	2.19E+05
570	343	2.06E+05
604	322	2.18E+05
582	339	2.10E+05
593	333	2.14E+05
599	328	2.16E+05
600	327	2.17E+05
613	304	2.21E+05
590	335	2.13E+05
598	329	2.16E+05
562	345	2.03E+05
614	301	2.22E+05
577	341	2.08E+05
601	326	2.17E+05
574	342	2.07E+05
612	307	2.21E+05
597	330	2.15E+05
557	346	2.01E+05
609	314	2.20E+05
608	316	2.19E+05
605	321	2.18E+05
610	312	2.20E+05
602	325	2.17E+05
580	340	2.09E+05
567	344	2.05E+05
596	331	2.15E+05
571	343	2.06E+05
592	334	2.14E+05
607	318	2.19E+05
611	310	2.21E+05
587	337	2.12E+05
603	324	2.18E+05
585	338	2.11E+05
563	345	2.03E+05
558	346	2.01E+05
595	332	2.15E+05
589	336	2.13E+05
583	339	2.10E+05
613	305	2.21E+05
606	320	2.19E+05
614	302	2.22E+05
575	342	2.08E+05
578	341	2.09E+05
604	323	2.18E+05
568	344	2.05E+05
612	308	2.21E+05
591	335	2.13E+05
594	333	2.14E+05
572	343	2.06E+05
581	340	2.10E+05
609	315	2.20E+05
564	345	2.04E+05
559	346	2.02E+05
610	313	2.20E+05
608	317	2.19E+05
600	328	2.17E+05
599	329	2.16E+05
601	327	2.17E+05
605	322	2.18E+05
598	330	2.16E+05
611	311	2.21E+05
586	338	2.12E+05
607	319	2.19E+05
588	337	2.12E+05
593	334	2.14E+05
602	326	2.17E+05
576	342	2.08E+05
569	344	2.05E+05
597	331	2.15E+05
613	306	2.21E+05
579	341	2.09E+05
584	339	2.11E+05
614	303	2.22E+05
590	336	2.13E+05
560	346	2.02E+05
565	345	2.04E+05
615	299	2.22E+05
573	343	2.07E+05
603	325	2.18E+05
612	309	2.21E+05
596	332	2.15E+05
615	300	2.22E+05
606	321	2.19E+05
582	340	2.10E+05
592	335	2.14E+05
604	324	2.18E+05
609	316	2.20E+05
610	314	2.20E+05
595	333	2.15E+05
570	344	2.06E+05
608	318	2.19E+05
561	346	2.03E+05
577	342	2.08E+05
611	312	2.21E+05
566	345	2.04E+05
580	341	2.09E+05
587	338	2.12E+05
614	304	2.22E+05
613	307	2.21E+05
574	343	2.07E+05
589	337	2.13E+05
585	339	2.11E+05
605	323	2.18E+05
607	320	2.19E+05
594	334	2.14E+05
600	329	2.17E+05
615	301	2.22E+05
601	328	2.17E+05
599	330	2.16E+05
612	310	2.21E+05
591	336	2.13E+05
583	340	2.10E+05
602	327	2.17E+05
562	346	2.03E+05
598	331	2.16E+05
571	344	2.06E+05
567	345	2.05E+05
603	326	2.18E+05
606	322	2.19E+05
578	342	2.09E+05
597	332	2.15E+05
609	317	2.20E+05
610	315	2.20E+05
575	343	2.08E+05
593	335	2.14E+05
581	341	2.10E+05
614	305	2.22E+05
611	313	2.21E+05
608	319	2.19E+05
613	308	2.21E+05
604	325	2.18E+05
588	338	2.12E+05
563	346	2.03E+05
596	333	2.15E+05
586	339	2.12E+05
615	302	2.22E+05
590	337	2.13E+05
572	344	2.06E+05
568	345	2.05E+05
612	311	2.21E+05
584	340	2.11E+05
607	321	2.19E+05
605	324	2.18E+05
595	334	2.15E+05
592	336	2.14E+05
579	342	2.09E+05
576	343	2.08E+05
558	347	2.01E+05
564	346	2.04E+05
614	306	2.22E+05
582	341	2.10E+05
600	330	2.17E+05
601	329	2.17E+05
610	316	2.20E+05
602	328	2.17E+05
559	347	2.02E+05
609	318	2.20E+05
599	331	2.16E+05
613	309	2.21E+05
569	345	2.05E+05
606	323	2.19E+05
615	303	2.22E+05
611	314	2.21E+05
573	344	2.07E+05
594	335	2.14E+05
603	327	2.18E+05
587	339	2.12E+05
598	332	2.16E+05
589	338	2.13E+05
608	320	2.19E+05
585	340	2.11E+05
591	337	2.13E+05
612	312	2.21E+05
565	346	2.04E+05
604	326	2.18E+05
616	299	2.22E+05
597	333	2.15E+05
580	342	2.09E+05
577	343	2.08E+05
616	300	2.22E+05
560	347	2.02E+05
607	322	2.19E+05
570	345	2.06E+05
614	307	2.22E+05
583	341	2.10E+05
593	336	2.14E+05
605	325	2.18E+05
574	344	2.07E+05
596	334	2.15E+05
615	304	2.22E+05
613	310	2.21E+05
610	317	2.20E+05
566	346	2.04E+05
609	319	2.20E+05
611	315	2.21E+05
561	347	2.03E+05
588	339	2.12E+05
590	338	2.13E+05
606	324	2.19E+05
616	301	2.22E+05
578	343	2.09E+05
581	342	2.10E+05
586	340	2.12E+05
595	335	2.15E+05
601	330	2.17E+05
612	313	2.21E+05
608	321	2.19E+05
602	329	2.17E+05
571	345	2.06E+05
600	331	2.17E+05
592	337	2.14E+05
603	328	2.18E+05
575	344	2.08E+05
599	332	2.16E+05
614	308	2.22E+05
567	346	2.05E+05
584	341	2.11E+05
562	347	2.03E+05
615	305	2.22E+05
604	327	2.18E+05
598	333	2.16E+05
613	311	2.21E+05
607	323	2.19E+05
594	336	2.14E+05
610	318	2.20E+05
572	345	2.06E+05
611	316	2.21E+05
616	302	2.22E+05
579	343	2.09E+05
605	326	2.18E+05
597	334	2.15E+05
582	342	2.10E+05
609	320	2.20E+05
589	339	2.13E+05
563	347	2.03E+05
568	346	2.05E+05
576	344	2.08E+05
587	340	2.12E+05
591	338	2.13E+05
612	314	2.21E+05
614	309	2.22E+05
606	325	2.19E+05
608	322	2.19E+05
615	306	2.22E+05
585	341	2.11E+05
596	335	2.15E+05
593	337	2.14E+05
573	345	2.07E+05
613	312	2.21E+05
601	331	2.17E+05
602	330	2.17E+05
564	347	2.04E+05
616	303	2.22E+05
580	343	2.09E+05
569	346	2.05E+05
603	329	2.18E+05
600	332	2.17E+05
577	344	2.08E+05
583	342	2.10E+05
607	324	2.19E+05
604	328	2.18E+05
595	336	2.15E+05
599	333	2.16E+05
610	319	2.20E+05
611	317	2.21E+05
590	339	2.13E+05
588	340	2.12E+05
609	321	2.20E+05
612	315	2.21E+05
592	338	2.14E+05
605	327	2.18E+05
615	307	2.22E+05
614	310	2.22E+05
565	347	2.04E+05
598	334	2.16E+05
574	345	2.07E+05
586	341	2.12E+05
617	299	2.23E+05
617	300	2.23E+05
570	346	2.06E+05
608	323	2.19E+05
616	304	2.22E+05
613	313	2.21E+05
581	343	2.10E+05
594	337	2.14E+05
606	326	2.19E+05
578	344	2.09E+05
597	335	2.15E+05
584	342	2.11E+05
566	347	2.04E+05
611	318	2.21E+05
610	320	2.20E+05
575	345	2.08E+05
571	346	2.06E+05
589	340	2.13E+05
615	308	2.22E+05
591	339	2.13E+05
602	331	2.17E+05
617	301	2.23E+05
607	325	2.19E+05
596	336	2.15E+05
612	316	2.21E+05
614	311	2.22E+05
601	332	2.17E+05
603	330	2.18E+05
587	341	2.12E+05
609	322	2.20E+05
593	338	2.14E+05
600	333	2.17E+05
604	329	2.18E+05
616	305	2.22E+05
582	343	2.10E+05
579	344	2.09E+05
567	347	2.05E+05
613	314	2.21E+05
599	334	2.16E+05
605	328	2.18E+05
585	342	2.11E+05
572	346	2.06E+05
608	324	2.19E+05
595	337	2.15E+05
576	345	2.08E+05
617	302	2.23E+05
598	335	2.16E+05
606	327	2.19E+05
615	309	2.22E+05
611	319	2.21E+05
614	312	2.22E+05
568	347	2.05E+05
590	340	2.13E+05
610	321	2.20E+05
612	317	2.21E+05
616	306	2.22E+05
592	339	2.14E+05
580	344	2.09E+05
588	341	2.12E+05
583	343	2.10E+05
597	336	2.15E+05
607	326	2.19E+05
573	346	2.07E+05
594	338	2.14E+05
609	323	2.20E+05
613	315	2.21E+05
577	345	2.08E+05
586	342	2.12E+05
602	332	2.17E+05
603	331	2.18E+05
617	303	2.23E+05
601	333	2.17E+05
569	347	2.05E+05
604	330	2.18E+05
615	310	2.22E+05
600	334	2.17E+05
605	329	2.18E+05
596	337	2.15E+05
608	325	2.19E+05
614	313	2.22E+05
616	307	2.22E+05
581	344	2.10E+05
584	343	2.11E+05
574	346	2.07E+05
611	320	2.21E+05
591	340	2.13E+05
612	318	2.21E+05
589	341	2.13E+05
599	335	2.16E+05
606	328	2.19E+05
578	345	2.09E+05
593	339	2.14E+05
610	322	2.20E+05
570	347	2.06E+05
613	316	2.21E+05
617	304	2.23E+05
587	342	2.12E+05
618	300	2.23E+05
595	338	2.15E+05
598	336	2.16E+05
609	324	2.20E+05
607	327	2.19E+05
615	311	2.22E+05
575	346	2.08E+05
616	308	2.22E+05
582	344	2.10E+05
614	314	2.22E+05
585	343	2.11E+05
571	347	2.06E+05
579	345	2.09E+05
603	332	2.18E+05
597	337	2.15E+05
602	333	2.17E+05
604	331	2.18E+05
592	340	2.14E+05
608	326	2.19E+05
590	341	2.13E+05
611	321	2.21E+05
612	319	2.21E+05
617	305	2.23E+05
618	301	2.23E+05
601	334	2.17E+05
605	330	2.18E+05
594	339	2.14E+05
610	323	2.20E+05
588	342	2.12E+05
613	317	2.21E+05
576	346	2.08E+05
600	335	2.17E+05
606	329	2.19E+05
615	312	2.22E+05
572	347	2.06E+05
583	344	2.10E+05
616	309	2.22E+05
596	338	2.15E+05
580	345	2.09E+05
609	325	2.20E+05
586	343	2.12E+05
614	315	2.22E+05
599	336	2.16E+05
607	328	2.19E+05
618	302	2.23E+05
617	306	2.23E+05
591	341	2.13E+05
577	346	2.08E+05
593	340	2.14E+05
612	320	2.21E+05
611	322	2.21E+05
573	347	2.07E+05
598	337	2.16E+05
589	342	2.13E+05
608	327	2.19E+05
613	318	2.21E+05
595	339	2.15E+05
584	344	2.11E+05
615	313	2.22E+05
616	310	2.22E+05
610	324	2.20E+05
581	345	2.10E+05
603	333	2.18E+05
604	332	2.18E+05
602	334	2.17E+05
605	331	2.18E+05
618	303	2.23E+05
587	343	2.12E+05
614	316	2.22E+05
617	307	2.23E+05
601	335	2.17E+05
606	330	2.19E+05
597	338	2.15E+05
578	346	2.09E+05
574	347	2.07E+05
609	326	2.20E+05
600	336	2.17E+05
592	341	2.14E+05
607	329	2.19E+05
594	340	2.14E+05
612	321	2.21E+05
590	342	2.13E+05
585	344	2.11E+05
582	345	2.10E+05
616	311	2.22E+05
611	323	2.21E+05
615	314	2.22E+05
613	319	2.21E+05
618	304	2.23E+05
596	339	2.15E+05
599	337	2.16E+05
575	347	2.08E+05
617	308	2.23E+05
588	343	2.12E+05
608	328	2.19E+05
579	346	2.09E+05
610	325	2.20E+05
614	317	2.22E+05
619	300	2.23E+05
604	333	2.18E+05
603	334	2.18E+05
571	348	2.06E+05
605	332	2.18E+05
598	338	2.16E+05
583	345	2.10E+05
586	344	2.12E+05
609	327	2.20E+05
616	312	2.22E+05
593	341	2.14E+05
602	335	2.17E+05
618	305	2.23E+05
606	331	2.19E+05
591	342	2.13E+05
615	315	2.22E+05
576	347	2.08E+05
595	340	2.15E+05
612	322	2.21E+05
580	346	2.09E+05
613	320	2.21E+05
617	309	2.23E+05
619	301	2.23E+05
601	336	2.17E+05
611	324	2.21E+05
607	330	2.19E+05
589	343	2.13E+05
572	348	2.06E+05
614	318	2.22E+05
597	339	2.16E+05
600	337	2.17E+05
610	326	2.20E+05
608	329	2.19E+05
584	345	2.11E+05
577	347	2.08E+05
618	306	2.23E+05
587	344	2.12E+05
616	313	2.22E+05
619	302	2.23E+05
581	346	2.10E+05
615	316	2.22E+05
594	341	2.14E+05
617	310	2.23E+05
573	348	2.07E+05
592	342	2.14E+05
599	338	2.16E+05
609	328	2.20E+05
612	323	2.21E+05
613	321	2.21E+05
596	340	2.15E+05
590	343	2.13E+05
604	334	2.18E+05
605	333	2.18E+05
603	335	2.18E+05
611	325	2.21E+05
606	332	2.19E+05
614	319	2.22E+05
578	347	2.09E+05
618	307	2.23E+05
585	345	2.11E+05
602	336	2.17E+05
607	331	2.19E+05
619	303	2.23E+05
598	339	2.16E+05
574	348	2.07E+05
582	346	2.10E+05
588	344	2.12E+05
616	314	2.22E+05
610	327	2.20E+05
617	311	2.23E+05
601	337	2.17E+05
615	317	2.22E+05
608	330	2.19E+05
593	342	2.14E+05
595	341	2.15E+05
579	347	2.09E+05
591	343	2.13E+05
613	322	2.21E+05
612	324	2.21E+05
600	338	2.17E+05
618	308	2.23E+05
575	348	2.08E+05
597	340	2.16E+05
586	345	2.12E+05
619	304	2.23E+05
609	329	2.20E+05
614	320	2.22E+05
583	346	2.10E+05
611	326	2.21E+05
589	344	2.13E+05
616	315	2.22E+05
617	312	2.23E+05
605	334	2.18E+05
604	335	2.18E+05
606	333	2.19E+05
599	339	2.16E+05
615	318	2.22E+05
580	347	2.09E+05
603	336	2.18E+05
576	348	2.08E+05
607	332	2.19E+05
620	300	2.24E+05
610	328	2.20E+05
594	342	2.14E+05
618	309	2.23E+05
619	305	2.23E+05
592	343	2.14E+05
596	341	2.15E+05
602	337	2.17E+05
587	345	2.12E+05
584	346	2.11E+05
608	331	2.19E+05
613	323	2.21E+05
612	325	2.21E+05
614	321	2.22E+05
616	316	2.22E+05
598	340	2.16E+05
590	344	2.13E+05
617	313	2.23E+05
601	338	2.17E+05
620	301	2.24E+05
581	347	2.10E+05
577	348	2.08E+05
611	327	2.21E+05
609	330	2.20E+05
615	319	2.22E+05
619	306	2.23E+05
618	310	2.23E+05
585	346	2.11E+05
600	339	2.17E+05
588	345	2.12E+05
595	342	2.15E+05
593	343	2.14E+05
610	329	2.20E+05
605	335	2.18E+05
606	334	2.19E+05
597	341	2.16E+05
620	302	2.24E+05
604	336	2.18E+05
578	348	2.09E+05
613	324	2.21E+05
582	347	2.10E+05
607	333	2.19E+05
617	314	2.23E+05
616	317	2.22E+05
591	344	2.13E+05
614	322	2.22E+05
612	326	2.21E+05
603	337	2.18E+05
619	307	2.23E+05
608	332	2.19E+05
599	340	2.16E+05
618	311	2.23E+05
615	320	2.22E+05
586	346	2.12E+05
602	338	2.17E+05
611	328	2.21E+05
589	345	2.13E+05
620	303	2.24E+05
609	331	2.20E+05
579	348	2.09E+05
583	347	2.10E+05
594	343	2.14E+05
596	342	2.15E+05
617	315	2.23E+05
601	339	2.17E+05
616	318	2.22E+05
619	308	2.23E+05
592	344	2.14E+05
598	341	2.16E+05
613	325	2.21E+05
610	330	2.20E+05
614	323	2.22E+05
618	312	2.23E+05
612	327	2.21E+05
620	304	2.24E+05
587	346	2.12E+05
606	335	2.19E+05
580	348	2.09E+05
615	321	2.22E+05
605	336	2.18E+05
607	334	2.19E+05
590	345	2.13E+05
600	340	2.17E+05
584	347	2.11E+05
604	337	2.18E+05
608	333	2.19E+05
611	329	2.21E+05
617	316	2.23E+05
619	309	2.23E+05
595	343	2.15E+05
603	338	2.18E+05
597	342	2.16E+05
616	319	2.22E+05
609	332	2.20E+05
618	313	2.23E+05
593	344	2.14E+05
620	305	2.24E+05
581	348	2.10E+05
588	346	2.12E+05
614	324	2.22E+05
599	341	2.16E+05
613	326	2.21E+05
602	339	2.17E+05
621	300	2.24E+05
585	347	2.11E+05
615	322	2.22E+05
591	345	2.13E+05
610	331	2.20E+05
612	328	2.21E+05
619	310	2.23E+05
617	317	2.23E+05
601	340	2.17E+05
620	306	2.24E+05
618	314	2.23E+05
621	301	2.24E+05
582	348	2.10E+05
616	320	2.22E+05
596	343	2.15E+05
606	336	2.19E+05
607	335	2.19E+05
611	330	2.21E+05
594	344	2.14E+05
605	337	2.18E+05
598	342	2.16E+05
589	346	2.13E+05
608	334	2.19E+05
586	347	2.12E+05
604	338	2.18E+05
614	325	2.22E+05
609	333	2.20E+05
613	327	2.21E+05
592	345	2.14E+05
619	311	2.23E+05
600	341	2.17E+05
615	323	2.22E+05
621	302	2.24E+05
620	307	2.24E+05
603	339	2.18E+05
617	318	2.23E+05
583	348	2.10E+05
612	329	2.21E+05
618	315	2.23E+05
610	332	2.20E+05
616	321	2.22E+05
587	347	2.12E+05
590	346	2.13E+05
597	343	2.16E+05
595	344	2.15E+05
602	340	2.17E+05
619	312	2.23E+05
599	342	2.16E+05
621	303	2.24E+05
611	331	2.21E+05
620	308	2.24E+05
593	345	2.14E+05
584	348	2.11E+05
614	326	2.22E+05
607	336	2.19E+05
615	324	2.22E+05
606	337	2.19E+05
617	319	2.23E+05
613	328	2.21E+05
608	335	2.19E+05
618	316	2.23E+05
601	341	2.17E+05
605	338	2.18E+05
609	334	2.20E+05
588	347	2.12E+05
616	322	2.22E+05
591	346	2.13E+05
621	304	2.24E+05
612	330	2.21E+05
604	339	2.18E+05
619	313	2.23E+05
620	309	2.24E+05
596	344	2.15E+05
598	343	2.16E+05
610	333	2.20E+05
585	348	2.11E+05
594	345	2.14E+05
603	340	2.18E+05
600	342	2.17E+05
617	320	2.23E+05
618	317	2.23E+05
614	327	2.22E+05
615	325	2.22E+05
611	332	2.21E+05
621	305	2.24E+05
589	347	2.13E+05
613	329	2.21E+05
592	346	2.14E+05
620	310	2.24E+05
619	314	2.23E+05
616	323	2.22E+05
602	341	2.17E+05
586	348	2.12E+05
607	337	2.19E+05
608	336	2.19E+05
606	338	2.19E+05
597	344	2.16E+05
612	331	2.21E+05
609	335	2.20E+05
622	300	2.24E+05
599	343	2.16E+05
621	306	2.24E+05
595	345	2.15E+05
605	339	2.18E+05
618	318	2.23E+05
617	321	2.23E+05
610	334	2.20E+05
590	347	2.13E+05
601	342	2.17E+05
620	311	2.24E+05
615	326	2.22E+05
614	328	2.22E+05
619	315	2.23E+05
604	340	2.18E+05
622	301	2.24E+05
587	348	2.12E+05
593	346	2.14E+05
616	324	2.22E+05
611	333	2.21E+05
613	330	2.21E+05
621	307	2.24E+05
603	341	2.18E+05
598	344	2.16E+05
618	319	2.23E+05
596	345	2.15E+05
620	312	2.24E+05
622	302	2.24E+05
600	343	2.17E+05
617	322	2.23E+05
591	347	2.13E+05
612	332	2.21E+05
619	316	2.23E+05
588	348	2.12E+05
608	337	2.19E+05
607	338	2.19E+05
609	336	2.20E+05
594	346	2.14E+05
615	327	2.22E+05
621	308	2.24E+05
606	339	2.19E+05
602	342	2.17E+05
614	329	2.22E+05
610	335	2.20E+05
616	325	2.22E+05
622	303	2.24E+05
605	340	2.18E+05
613	331	2.21E+05
618	320	2.23E+05
620	313	2.24E+05
611	334	2.21E+05
592	347	2.14E+05
599	344	2.16E+05
617	323	2.23E+05
619	317	2.23E+05
597	345	2.16E+05
589	348	2.13E+05
621	309	2.24E+05
604	341	2.18E+05
601	343	2.17E+05
595	346	2.15E+05
622	304	2.24E+05
612	333	2.21E+05
615	328	2.22E+05
616	326	2.22E+05
620	314	2.24E+05
614	330	2.22E+05
603	342	2.18E+05
618	321	2.23E+05
608	338	2.19E+05
609	337	2.20E+05
619	318	2.23E+05
607	339	2.19E+05
621	310	2.24E+05
590	348	2.13E+05
593	347	2.14E+05
610	336	2.20E+05
617	324	2.23E+05
622	305	2.24E+05
613	332	2.21E+05
598	345	2.16E+05
600	344	2.17E+05
606	340	2.19E+05
611	335	2.21E+05
596	346	2.15E+05
602	343	2.17E+05
620	315	2.24E+05
605	341	2.18E+05
621	311	2.24E+05
615	329	2.22E+05
616	327	2.22E+05
618	322	2.23E+05
622	306	2.24E+05
591	348	2.13E+05
612	334	2.21E+05
619	319	2.23E+05
594	347	2.14E+05
614	331	2.22E+05
604	342	2.18E+05
617	325	2.23E+05
623	300	2.25E+05
599	345	2.16E+05
620	316	2.24E+05
601	344	2.17E+05
597	346	2.16E+05
613	333	2.21E+05
609	338	2.20E+05
621	312	2.24E+05
608	339	2.19E+05
622	307	2.24E+05
610	337	2.20E+05
623	301	2.25E+05
607	340	2.19E+05
592	348	2.14E+05
618	323	2.23E+05
619	320	2.23E+05
603	343	2.18E+05
611	336	2.21E+05
615	330	2.22E+05
616	328	2.22E+05
595	347	2.15E+05
606	341	2.19E+05
617	326	2.23E+05
614	332	2.22E+05
620	317	2.24E+05
622	308	2.24E+05
612	335	2.21E+05
623	302	2.25E+05
621	313	2.24E+05
600	345	2.17E+05
589	349	2.13E+05
605	342	2.18E+05
598	346	2.16E+05
602	344	2.17E+05
593	348	2.14E+05
619	321	2.23E+05
618	324	2.23E+05
613	334	2.21E+05
590	349	2.13E+05
623	303	2.25E+05
596	347	2.15E+05
622	309	2.24E+05
616	329	2.22E+05
620	318	2.24E+05
604	343	2.18E+05
621	314	2.24E+05
609	339	2.20E+05
615	331	2.22E+05
610	338	2.20E+05
608	340	2.19E+05
617	327	2.23E+05
611	337	2.21E+05
607	341	2.19E+05
614	333	2.22E+05
623	304	2.25E+05
601	345	2.17E+05
594	348	2.14E+05
599	346	2.16E+05
619	322	2.23E+05
612	336	2.21E+05
622	310	2.24E+05
591	349	2.13E+05
618	325	2.23E+05
603	344	2.18E+05
606	342	2.19E+05
621	315	2.24E+05
597	347	2.16E+05
620	319	2.24E+05
613	335	2.21E+05
616	330	2.22E+05
623	305	2.25E+05
617	328	2.23E+05
615	332	2.22E+05
605	343	2.18E+05
622	311	2.24E+05
595	348	2.15E+05
619	323	2.23E+05
592	349	2.14E+05
621	316	2.24E+05
600	346	2.17E+05
610	339	2.20E+05
602	345	2.17E+05
609	340	2.20E+05
618	326	2.23E+05
614	334	2.22E+05
620	320	2.24E+05
611	338	2.21E+05
623	306	2.25E+05
608	341	2.19E+05
598	347	2.16E+05
604	344	2.18E+05
612	337	2.21E+05
622	312	2.24E+05
607	342	2.19E+05
616	331	2.22E+05
617	329	2.23E+05
593	349	2.14E+05
621	317	2.24E+05
596	348	2.15E+05
619	324	2.23E+05
613	336	2.21E+05
623	307	2.25E+05
615	333	2.22E+05
620	321	2.24E+05
624	300	2.25E+05
606	343	2.19E+05
618	327	2.23E+05
601	346	2.17E+05
622	313	2.24E+05
603	345	2.18E+05
599	347	2.16E+05
614	335	2.22E+05
624	301	2.25E+05
623	308	2.25E+05
621	318	2.24E+05
594	349	2.14E+05
610	340	2.20E+05
605	344	2.18E+05
611	339	2.21E+05
597	348	2.16E+05
609	341	2.20E+05
619	325	2.23E+05
616	332	2.22E+05
617	330	2.23E+05
620	322	2.24E+05
612	338	2.21E+05
622	314	2.25E+05
608	342	2.19E+05
624	302	2.25E+05
615	334	2.22E+05
618	328	2.23E+05
623	309	2.25E+05
602	346	2.17E+05
613	337	2.21E+05
600	347	2.17E+05
607	343	2.19E+05
621	319	2.24E+05
604	345	2.18E+05
595	349	2.15E+05
624	303	2.25E+05
622	315	2.25E+05
598	348	2.16E+05
614	336	2.22E+05
619	326	2.23E+05
620	323	2.24E+05
623	310	2.25E+05
606	344	2.19E+05
617	331	2.23E+05
616	333	2.22E+05
618	329	2.23E+05
624	304	2.25E+05
611	340	2.21E+05
621	320	2.24E+05
610	341	2.20E+05
612	339	2.21E+05
601	347	2.17E+05
603	346	2.18E+05
615	335	2.22E+05
622	316	2.25E+05
596	349	2.15E+05
609	342	2.20E+05
623	311	2.25E+05
613	338	2.21E+05
620	324	2.24E+05
605	345	2.18E+05
619	327	2.23E+05
599	348	2.16E+05
608	343	2.19E+05
624	305	2.25E+05
617	332	2.23E+05
621	321	2.24E+05
614	337	2.22E+05
622	317	2.25E+05
616	334	2.22E+05
618	330	2.23E+05
623	312	2.25E+05
607	344	2.19E+05
597	349	2.16E+05
624	306	2.25E+05
602	347	2.17E+05
604	346	2.18E+05
620	325	2.24E+05
615	336	2.22E+05
619	328	2.23E+05
600	348	2.17E+05
611	341	2.21E+05
612	340	2.21E+05
606	345	2.19E+05
621	322	2.24E+05
610	342	2.20E+05
622	318	2.25E+05
623	313	2.25E+05
624	307	2.25E+05
613	339	2.21E+05
609	343	2.20E+05
617	333	2.23E+05
598	349	2.16E+05
618	331	2.23E+05
616	335	2.22E+05
614	338	2.22E+05
620	326	2.24E+05
603	347	2.18E+05
608	344	2.19E+05
623	314	2.25E+05
624	308	2.25E+05
619	329	2.23E+05
622	319	2.25E+05
605	346	2.18E+05
601	348	2.17E+05
621	323	2.24E+05
625	300	2.26E+05
615	337	2.22E+05
625	301	2.26E+05
607	345	2.19E+05
599	349	2.16E+05
623	315	2.25E+05
624	309	2.25E+05
617	334	2.23E+05
618	332	2.23E+05
620	327	2.24E+05
612	341	2.21E+05
611	342	2.21E+05
622	320	2.25E+05
613	340	2.21E+05
621	324	2.24E+05
610	343	2.20E+05
604	347	2.18E+05
616	336	2.22E+05
619	330	2.23E+05
625	302	2.26E+05
602	348	2.17E+05
614	339	2.22E+05
606	346	2.19E+05
624	310	2.25E+05
609	344	2.20E+05
623	316	2.25E+05
600	349	2.17E+05
622	321	2.25E+05
625	303	2.26E+05
615	338	2.22E+05
620	328	2.24E+05
621	325	2.24E+05
608	345	2.19E+05
618	333	2.23E+05
617	335	2.23E+05
624	311	2.25E+05
619	331	2.23E+05
623	317	2.25E+05
603	348	2.18E+05
605	347	2.18E+05
625	304	2.26E+05
616	337	2.22E+05
612	342	2.21E+05
613	341	2.21E+05
622	322	2.25E+05
611	343	2.21E+05
607	346	2.19E+05
601	349	2.17E+05
624	312	2.25E+05
614	340	2.22E+05
620	329	2.24E+05
621	326	2.24E+05
610	344	2.20E+05
625	305	2.26E+05
623	318	2.25E+05
618	334	2.23E+05
615	339	2.22E+05
617	336	2.23E+05
619	332	2.23E+05
609	345	2.20E+05
624	313	2.25E+05
622	323	2.25E+05
604	348	2.18E+05
625	306	2.26E+05
606	347	2.19E+05
602	349	2.17E+05
623	319	2.25E+05
616	338	2.22E+05
621	327	2.24E+05
620	330	2.24E+05
608	346	2.19E+05
624	314	2.25E+05
625	307	2.26E+05
613	342	2.21E+05
612	343	2.21E+05
622	324	2.25E+05
614	341	2.22E+05
618	335	2.23E+05
611	344	2.21E+05
619	333	2.23E+05
623	320	2.25E+05
617	337	2.23E+05
605	348	2.18E+05
615	340	2.22E+05
621	328	2.24E+05
625	308	2.26E+05
610	345	2.20E+05
624	315	2.25E+05
603	349	2.18E+05
607	347	2.19E+05
620	331	2.24E+05
622	325	2.25E+05
616	339	2.22E+05
623	321	2.25E+05
609	346	2.20E+05
625	309	2.26E+05
624	316	2.25E+05
618	336	2.23E+05
619	334	2.23E+05
626	300	2.26E+05
621	329	2.24E+05
606	348	2.19E+05
613	343	2.21E+05
617	338	2.23E+05
604	349	2.18E+05
614	342	2.22E+05
620	332	2.24E+05
612	344	2.21E+05
626	301	2.26E+05
625	310	2.26E+05
622	326	2.25E+05
608	347	2.19E+05
623	322	2.25E+05
615	341	2.22E+05
624	317	2.25E+05
611	345	2.21E+05
626	302	2.26E+05
625	311	2.26E+05
616	340	2.22E+05
621	330	2.24E+05
619	335	2.23E+05
610	346	2.20E+05
618	337	2.23E+05
622	327	2.25E+05
623	323	2.25E+05
624	318	2.25E+05
620	333	2.24E+05
605	349	2.18E+05
607	348	2.19E+05
626	303	2.26E+05
617	339	2.23E+05
625	312	2.26E+05
609	347	2.20E+05
614	343	2.22E+05
613	344	2.21E+05
626	304	2.26E+05
624	319	2.25E+05
621	331	2.24E+05
615	342	2.22E+05
623	324	2.25E+05
612	345	2.21E+05
622	328	2.25E+05
625	313	2.26E+05
619	336	2.23E+05
616	341	2.22E+05
618	338	2.23E+05
620	334	2.24E+05
626	305	2.26E+05
606	349	2.19E+05
611	346	2.21E+05
608	348	2.19E+05
624	320	2.25E+05
625	314	2.26E+05
623	325	2.25E+05
617	340	2.23E+05
621	332	2.24E+05
626	306	2.26E+05
622	329	2.25E+05
610	347	2.20E+05
619	337	2.23E+05
624	321	2.25E+05
625	315	2.26E+05
614	344	2.22E+05
620	335	2.24E+05
626	307	2.26E+05
615	343	2.22E+05
613	345	2.21E+05
607	349	2.19E+05
618	339	2.23E+05
623	326	2.25E+05
609	348	2.20E+05
616	342	2.22E+05
612	346	2.21E+05
622	330	2.25E+05
621	333	2.24E+05
625	316	2.26E+05
626	308	2.26E+05
624	322	2.25E+05
617	341	2.23E+05
611	347	2.21E+05
623	327	2.25E+05
619	338	2.23E+05
620	336	2.24E+05
626	309	2.26E+05
625	317	2.26E+05
608	349	2.19E+05
622	331	2.25E+05
624	323	2.25E+05
618	340	2.23E+05
621	334	2.24E+05
610	348	2.20E+05
615	344	2.22E+05
614	345	2.22E+05
626	310	2.26E+05
616	343	2.22E+05
623	328	2.25E+05
613	346	2.21E+05
625	318	2.26E+05
624	324	2.25E+05
617	342	2.23E+05
620	337	2.24E+05
626	311	2.26E+05
612	347	2.21E+05
619	339	2.23E+05
622	332	2.25E+05
627	300	2.26E+05
609	349	2.20E+05
621	335	2.24E+05
625	319	2.26E+05
627	301	2.26E+05
623	329	2.25E+05
618	341	2.23E+05
626	312	2.26E+05
624	325	2.25E+05
611	348	2.21E+05
627	302	2.26E+05
625	320	2.26E+05
615	345	2.22E+05
622	333	2.25E+05
616	344	2.22E+05
620	338	2.24E+05
614	346	2.22E+05
626	313	2.26E+05
623	330	2.25E+05
619	340	2.23E+05
627	303	2.26E+05
621	336	2.24E+05
624	326	2.25E+05
617	343	2.23E+05
610	349	2.20E+05
613	347	2.21E+05
625	321	2.26E+05
626	314	2.26E+05
627	304	2.26E+05
618	342	2.23E+05
612	348	2.21E+05
622	334	2.25E+05
623	331	2.25E+05
624	327	2.25E+05
627	305	2.26E+05
620	339	2.24E+05
625	322	2.26E+05
626	315	2.26E+05
621	337	2.24E+05
619	341	2.23E+05
611	349	2.21E+05
615	346	2.22E+05
616	345	2.22E+05
627	306	2.26E+05
617	344	2.23E+05
626	316	2.26E+05
614	347	2.22E+05
624	328	2.25E+05
622	335	2.25E+05
625	323	2.26E+05
623	332	2.25E+05
627	307	2.26E+05
618	343	2.23E+05
613	348	2.21E+05
620	340	2.24E+05
626	317	2.26E+05
621	338	2.24E+05
625	324	2.26E+05
624	329	2.25E+05
627	308	2.26E+05
619	342	2.23E+05
623	333	2.25E+05
612	349	2.21E+05
622	336	2.25E+05
626	318	2.26E+05
627	309	2.26E+05
616	346	2.22E+05
617	345	2.23E+05
625	325	2.26E+05
615	347	2.22E+05
624	330	2.25E+05
621	339	2.24E+05
618	344	2.23E+05
626	319	2.26E+05
620	341	2.24E+05
614	348	2.22E+05
627	310	2.26E+05
623	334	2.25E+05
622	337	2.25E+05
625	326	2.26E+05
619	343	2.23E+05
627	311	2.26E+05
613	349	2.21E+05
626	320	2.26E+05
624	331	2.25E+05
621	340	2.24E+05
623	335	2.25E+05
627	312	2.26E+05
625	327	2.26E+05
626	321	2.26E+05
616	347	2.22E+05
617	346	2.23E+05
620	342	2.24E+05
622	338	2.25E+05
618	345	2.23E+05
615	348	2.22E+05
624	332	2.25E+05
627	313	2.26E+05
626	322	2.26E+05
625	328	2.26E+05
619	344	2.23E+05
628	300	2.27E+05
614	349	2.22E+05
623	336	2.25E+05
627	314	2.26E+05
628	301	2.27E+05
621	341	2.24E+05
624	333	2.25E+05
622	339	2.25E+05
626	323	2.26E+05
620	343	2.24E+05
628	302	2.27E+05
625	329	2.26E+05
627	315	2.26E+05
617	347	2.23E+05
628	303	2.27E+05
616	348	2.22E+05
618	346	2.23E+05
623	337	2.25E+05
626	324	2.26E+05
627	316	2.26E+05
624	334	2.25E+05
619	345	2.23E+05
615	349	2.22E+05
625	330	2.26E+05
628	304	2.27E+05
621	342	2.24E+05
622	340	2.25E+05
627	317	2.26E+05
626	325	2.26E+05
628	305	2.27E+05
620	344	2.24E+05
623	338	2.25E+05
624	335	2.25E+05
625	331	2.26E+05
627	318	2.26E+05
628	306	2.27E+05
626	326	2.26E+05
618	347	2.23E+05
617	348	2.23E+05
622	341	2.25E+05
621	343	2.24E+05
628	307	2.27E+05
619	346	2.23E+05
616	349	2.22E+05
627	319	2.26E+05
625	332	2.26E+05
623	339	2.25E+05
624	336	2.25E+05
626	327	2.26E+05
628	308	2.27E+05
620	345	2.24E+05
627	320	2.26E+05
628	309	2.27E+05
625	333	2.26E+05
622	342	2.25E+05
626	328	2.26E+05
624	337	2.25E+05
627	321	2.26E+05
621	344	2.24E+05
623	340	2.25E+05
628	310	2.27E+05
618	348	2.23E+05
617	349	2.23E+05
619	347	2.23E+05
626	329	2.26E+05
625	334	2.26E+05
627	322	2.26E+05
628	311	2.27E+05
620	346	2.24E+05
624	338	2.25E+05
622	343	2.25E+05
628	312	2.27E+05
623	341	2.25E+05
627	323	2.26E+05
626	330	2.26E+05
621	345	2.24E+05
625	335	2.26E+05
628	313	2.27E+05
627	324	2.26E+05
624	339	2.25E+05
618	349	2.23E+05
619	348	2.23E+05
626	331	2.26E+05
628	314	2.27E+05
620	347	2.24E+05
622	344	2.25E+05
625	336	2.26E+05
623	342	2.25E+05
627	325	2.26E+05
628	315	2.27E+05
626	332	2.26E+05
621	346	2.24E+05
624	340	2.25E+05
628	316	2.27E+05
627	326	2.26E+05
625	337	2.26E+05
623	343	2.25E+05
626	333	2.26E+05
628	317	2.27E+05
622	345	2.25E+05
627	327	2.26E+05
629	300	2.27E+05
619	349	2.23E+05
620	348	2.24E+05
629	301	2.27E+05
624	341	2.25E+05
628	318	2.27E+05
625	338	2.26E+05
621	347	2.24E+05
629	302	2.27E+05
626	334	2.26E+05
627	328	2.26E+05
628	319	2.27E+05
629	303	2.27E+05
623	344	2.25E+05
622	346	2.25E+05
627	329	2.26E+05
625	339	2.26E+05
628	320	2.27E+05
629	304	2.27E+05
624	342	2.25E+05
626	335	2.26E+05
629	305	2.27E+05
620	349	2.24E+05
628	321	2.27E+05
627	330	2.26E+05
621	348	2.24E+05
629	306	2.27E+05
626	336	2.26E+05
623	345	2.25E+05
625	340	2.26E+05
628	322	2.27E+05
624	343	2.25E+05
629	307	2.27E+05
622	347	2.25E+05
627	331	2.26E+05
629	308	2.27E+05
628	323	2.27E+05
626	337	2.26E+05
625	341	2.26E+05
627	332	2.26E+05
629	309	2.27E+05
628	324	2.27E+05
623	346	2.25E+05
624	344	2.25E+05
621	349	2.24E+05
629	310	2.27E+05
626	338	2.26E+05
627	333	2.26E+05
628	325	2.27E+05
622	348	2.25E+05
629	311	2.27E+05
625	342	2.26E+05
629	312	2.27E+05
628	326	2.27E+05
626	339	2.26E+05
627	334	2.26E+05
624	345	2.25E+05
623	347	2.25E+05
629	313	2.27E+05
628	327	2.27E+05
625	343	2.26E+05
629	314	2.27E+05
627	335	2.26E+05
622	349	2.25E+05
626	340	2.26E+05
628	328	2.27E+05
629	315	2.27E+05
624	346	2.25E+05
627	336	2.26E+05
629	316	2.27E+05
623	348	2.25E+05
628	329	2.27E+05
625	344	2.26E+05
626	341	2.26E+05
629	317	2.27E+05
628	330	2.27E+05
627	337	2.26E+05
629	318	2.27E+05
624	347	2.25E+05
625	345	2.26E+05
626	342	2.26E+05
628	331	2.27E+05
629	319	2.27E+05
623	349	2.25E+05
627	338	2.26E+05
629	320	2.27E+05
628	332	2.27E+05
629	321	2.27E+05
626	343	2.26E+05
627	339	2.26E+05
624	348	2.25E+05
625	346	2.26E+05
628	333	2.27E+05
629	322	2.27E+05
629	323	2.27E+05
627	340	2.26E+05
628	334	2.27E+05
626	344	2.26E+05
629	324	2.27E+05
625	347	2.26E+05
624	349	2.25E+05
630	300	2.27E+05
628	335	2.27E+05
630	301	2.27E+05
627	341	2.26E+05
629	325	2.27E+05
630	302	2.27E+05
626	345	2.26E+05
628	336	2.27E+05
630	303	2.27E+05
629	326	2.27E+05
627	342	2.26E+05
630	304	2.27E+05
625	348	2.26E+05
629	327	2.27E+05
630	305	2.27E+05
628	337	2.27E+05
626	346	2.26E+05
630	306	2.27E+05
629	328	2.27E+05
627	343	2.26E+05
630	307	2.27E+05
628	338	2.27E+05
629	329	2.27E+05
630	308	2.27E+05
625	349	2.26E+05
630	309	2.27E+05
626	347	2.26E+05
628	339	2.27E+05
629	330	2.27E+05
627	344	2.26E+05
630	310	2.27E+05
630	311	2.27E+05
629	331	2.27E+05
628	340	2.27E+05
630	312	2.27E+05
626	348	2.26E+05
627	345	2.26E+05
629	332	2.27E+05
630	313	2.27E+05
630	314	2.27E+05
628	341	2.27E+05
629	333	2.27E+05
630	315	2.27E+05
627	346	2.26E+05
629	334	2.27E+05
630	316	2.27E+05
626	349	2.26E+05
628	342	2.27E+05
630	317	2.27E+05
629	335	2.27E+05
630	318	2.27E+05
627	347	2.26E+05
628	343	2.27E+05
630	319	2.27E+05
629	336	2.27E+05
630	320	2.27E+05
628	344	2.27E+05
629	337	2.27E+05
630	321	2.27E+05
627	348	2.26E+05
630	322	2.27E+05
629	338	2.27E+05
630	323	2.27E+05
628	345	2.27E+05
630	324	2.27E+05
627	349	2.26E+05
629	339	2.27E+05
630	325	2.27E+05
628	346	2.27E+05
629	340	2.27E+05
630	326	2.27E+05
630	327	2.27E+05
629	341	2.27E+05
628	347	2.27E+05
630	328	2.27E+05
629	342	2.27E+05
630	329	2.27E+05
628	348	2.27E+05
630	330	2.27E+05
629	343	2.27E+05
630	331	2.27E+05
630	332	2.27E+05
628	349	2.27E+05
629	344	2.27E+05
630	333	2.27E+05
629	345	2.27E+05
630	334	2.27E+05
630	335	2.27E+05
629	346	2.27E+05
630	336	2.27E+05
630	337	2.27E+05
629	347	2.27E+05
630	338	2.27E+05
629	348	2.27E+05
630	339	2.27E+05
630	340	2.27E+05
629	349	2.27E+05
631	300	2.28E+05
630	341	2.27E+05
631	301	2.28E+05
631	302	2.28E+05
631	303	2.28E+05
630	342	2.27E+05
631	304	2.28E+05
631	305	2.28E+05
631	306	2.28E+05
630	343	2.27E+05
631	307	2.28E+05
631	308	2.28E+05
631	309	2.28E+05
630	344	2.27E+05
631	310	2.28E+05
631	311	2.28E+05
631	312	2.28E+05
630	345	2.27E+05
631	313	2.28E+05
631	314	2.28E+05
631	315	2.28E+05
630	346	2.27E+05
631	316	2.28E+05
631	317	2.28E+05
631	318	2.28E+05
630	347	2.27E+05
631	319	2.28E+05
631	320	2.28E+05
630	348	2.27E+05
631	321	2.28E+05
631	322	2.28E+05
631	323	2.28E+05
630	349	2.27E+05
631	324	2.28E+05
631	325	2.28E+05
631	326	2.28E+05
631	327	2.28E+05
631	328	2.28E+05
631	329	2.28E+05
631	330	2.28E+05
631	331	2.28E+05
631	332	2.28E+05
631	333	2.28E+05
631	334	2.28E+05
631	335	2.28E+05
631	336	2.28E+05
631	337	2.28E+05
631	338	2.28E+05
631	339	2.28E+05
631	340	2.28E+05
631	341	2.28E+05
631	342	2.28E+05
631	343	2.28E+05
631	344	2.28E+05
631	345	2.28E+05
631	346	2.28E+05
631	347	2.28E+05
631	348	2.28E+05
631	349	2.28E+05
632	349	2.28E+05
632	348	2.28E+05
632	347	2.28E+05
632	346	2.28E+05
632	345	2.28E+05
632	344	2.28E+05
632	343	2.28E+05
632	342	2.28E+05
632	341	2.28E+05
632	340	2.28E+05
632	339	2.28E+05
632	338	2.28E+05
632	337	2.28E+05
632	336	2.28E+05
632	335	2.28E+05
632	334	2.28E+05
632	333	2.28E+05
632	332	2.28E+05
632	331	2.28E+05
632	330	2.28E+05
632	329	2.28E+05
632	328	2.28E+05
632	327	2.28E+05
632	326	2.28E+05
633	349	2.29E+05
632	325	2.28E+05
632	324	2.28E+05
633	348	2.29E+05
632	323	2.28E+05
632	322	2.28E+05
632	321	2.28E+05
633	347	2.29E+05
632	320	2.28E+05
632	319	2.28E+05
632	318	2.28E+05
633	346	2.29E+05
632	317	2.28E+05
632	316	2.28E+05
632	315	2.28E+05
633	345	2.29E+05
632	314	2.28E+05
632	313	2.28E+05
633	344	2.29E+05
632	312	2.28E+05
632	311	2.28E+05
632	310	2.28E+05
633	343	2.29E+05
632	309	2.28E+05
632	308	2.28E+05
632	307	2.28E+05
633	342	2.28E+05
632	306	2.28E+05
632	305	2.28E+05
632	304	2.28E+05
634	349	2.29E+05
633	341	2.28E+05
632	303	2.28E+05
632	302	2.28E+05
632	301	2.28E+05
633	340	2.28E+05
632	300	2.28E+05
634	348	2.29E+05
633	339	2.28E+05
634	347	2.29E+05
633	338	2.28E+05
633	337	2.28E+05
634	346	2.29E+05
633	336	2.28E+05
633	335	2.28E+05
634	345	2.29E+05
633	334	2.28E+05
635	349	2.29E+05
634	344	2.29E+05
633	333	2.28E+05
633	332	2.28E+05
635	348	2.29E+05
634	343	2.29E+05
633	331	2.28E+05
633	330	2.28E+05
634	342	2.29E+05
635	347	2.29E+05
633	329	2.28E+05
634	341	2.29E+05
633	328	2.28E+05
635	346	2.29E+05
633	327	2.28E+05
634	340	2.29E+05
633	326	2.28E+05
636	349	2.30E+05
633	325	2.28E+05
634	339	2.29E+05
635	345	2.29E+05
633	324	2.28E+05
636	348	2.30E+05
634	338	2.29E+05
633	323	2.28E+05
635	344	2.29E+05
633	322	2.28E+05
634	337	2.29E+05
633	321	2.28E+05
636	347	2.30E+05
635	343	2.29E+05
634	336	2.29E+05
633	320	2.28E+05
633	319	2.28E+05
634	335	2.29E+05
637	349	2.30E+05
633	318	2.28E+05
635	342	2.29E+05
636	346	2.30E+05
633	317	2.28E+05
634	334	2.29E+05
633	316	2.28E+05
635	341	2.29E+05
637	348	2.30E+05
634	333	2.29E+05
633	315	2.28E+05
636	345	2.30E+05
633	314	2.28E+05
634	332	2.29E+05
635	340	2.29E+05
633	313	2.28E+05
633	312	2.28E+05
637	347	2.30E+05
634	331	2.29E+05
636	344	2.30E+05
635	339	2.29E+05
633	311	2.28E+05
638	349	2.30E+05
634	330	2.29E+05
633	310	2.28E+05
633	309	2.28E+05
636	343	2.30E+05
635	338	2.29E+05
634	329	2.29E+05
637	346	2.30E+05
633	308	2.28E+05
638	348	2.30E+05
634	328	2.29E+05
633	307	2.28E+05
635	337	2.29E+05
636	342	2.30E+05
633	306	2.28E+05
634	327	2.29E+05
633	305	2.28E+05
637	345	2.30E+05
635	336	2.29E+05
633	304	2.28E+05
634	326	2.29E+05
639	349	2.31E+05
638	347	2.30E+05
636	341	2.30E+05
633	303	2.28E+05
634	325	2.29E+05
635	335	2.29E+05
633	302	2.28E+05
637	344	2.30E+05
633	301	2.28E+05
634	324	2.29E+05
636	340	2.30E+05
633	300	2.28E+05
635	334	2.29E+05
639	348	2.31E+05
638	346	2.30E+05
634	323	2.29E+05
637	343	2.30E+05
635	333	2.29E+05
636	339	2.30E+05
634	322	2.29E+05
640	349	2.31E+05
634	321	2.29E+05
635	332	2.29E+05
638	345	2.30E+05
639	347	2.31E+05
636	338	2.30E+05
637	342	2.30E+05
634	320	2.29E+05
635	331	2.29E+05
634	319	2.29E+05
640	348	2.31E+05
636	337	2.30E+05
638	344	2.30E+05
637	341	2.30E+05
635	330	2.29E+05
634	318	2.29E+05
639	346	2.31E+05
634	317	2.29E+05
636	336	2.30E+05
635	329	2.29E+05
641	349	2.31E+05
634	316	2.29E+05
637	340	2.30E+05
638	343	2.30E+05
635	328	2.29E+05
640	347	2.31E+05
636	335	2.30E+05
634	315	2.29E+05
639	345	2.31E+05
635	327	2.29E+05
634	314	2.29E+05
641	348	2.31E+05
637	339	2.30E+05
636	334	2.30E+05
638	342	2.30E+05
634	313	2.29E+05
635	326	2.29E+05
642	349	2.32E+05
634	312	2.29E+05
640	346	2.31E+05
639	344	2.31E+05
637	338	2.30E+05
636	333	2.30E+05
635	325	2.29E+05
634	311	2.29E+05
638	341	2.30E+05
641	347	2.31E+05
634	310	2.29E+05
636	332	2.30E+05
635	324	2.29E+05
637	337	2.30E+05
634	309	2.29E+05
642	348	2.32E+05
639	343	2.31E+05
640	345	2.31E+05
635	323	2.29E+05
638	340	2.30E+05
636	331	2.30E+05
634	308	2.29E+05
643	349	2.32E+05
637	336	2.30E+05
635	322	2.29E+05
634	307	2.29E+05
641	346	2.31E+05
636	330	2.30E+05
639	342	2.31E+05
634	306	2.29E+05
635	321	2.29E+05
638	339	2.30E+05
640	344	2.31E+05
637	335	2.30E+05
634	305	2.29E+05
642	347	2.32E+05
636	329	2.30E+05
635	320	2.29E+05
643	348	2.32E+05
634	304	2.29E+05
637	334	2.30E+05
644	349	2.32E+05
639	341	2.31E+05
638	338	2.30E+05
635	319	2.29E+05
634	303	2.29E+05
636	328	2.30E+05
641	345	2.31E+05
640	343	2.31E+05
634	302	2.29E+05
635	318	2.29E+05
637	333	2.30E+05
636	327	2.30E+05
634	301	2.29E+05
642	346	2.32E+05
638	337	2.30E+05
639	340	2.31E+05
635	317	2.29E+05
634	300	2.29E+05
643	347	2.32E+05
644	348	2.32E+05
636	326	2.30E+05
641	344	2.31E+05
640	342	2.31E+05
637	332	2.30E+05
635	316	2.29E+05
645	349	2.33E+05
638	336	2.30E+05
636	325	2.30E+05
635	315	2.29E+05
639	339	2.31E+05
642	345	2.32E+05
637	331	2.30E+05
635	314	2.29E+05
636	324	2.30E+05
640	341	2.31E+05
638	335	2.30E+05
641	343	2.31E+05
643	346	2.32E+05
645	348	2.33E+05
635	313	2.29E+05
644	347	2.32E+05
637	330	2.30E+05
639	338	2.31E+05
646	349	2.33E+05
636	323	2.30E+05
635	312	2.29E+05
638	334	2.30E+05
642	344	2.32E+05
637	329	2.30E+05
640	340	2.31E+05
636	322	2.30E+05
635	311	2.29E+05
641	342	2.31E+05
639	337	2.31E+05
643	345	2.32E+05
638	333	2.30E+05
636	321	2.30E+05
635	310	2.29E+05
637	328	2.30E+05
646	348	2.33E+05
644	346	2.32E+05
647	349	2.34E+05
645	347	2.33E+05
640	339	2.31E+05
635	309	2.29E+05
642	343	2.32E+05
636	320	2.30E+05
639	336	2.31E+05
641	341	2.31E+05
637	327	2.30E+05
638	332	2.30E+05
635	308	2.29E+05
636	319	2.30E+05
643	344	2.32E+05
635	307	2.29E+05
637	326	2.30E+05
640	338	2.31E+05
639	335	2.31E+05
638	331	2.30E+05
647	348	2.34E+05
636	318	2.30E+05
644	345	2.32E+05
648	349	2.34E+05
635	306	2.29E+05
642	342	2.32E+05
641	340	2.31E+05
646	347	2.33E+05
645	346	2.33E+05
637	325	2.30E+05
636	317	2.30E+05
635	305	2.29E+05
638	330	2.30E+05
639	334	2.31E+05
640	337	2.31E+05
643	343	2.32E+05
635	304	2.29E+05
637	324	2.30E+05
636	316	2.30E+05
641	339	2.31E+05
642	341	2.32E+05
635	303	2.29E+05
648	348	2.34E+05
638	329	2.30E+05
649	349	2.34E+05
644	344	2.32E+05
639	333	2.31E+05
636	315	2.30E+05
637	323	2.30E+05
647	347	2.34E+05
640	336	2.31E+05
645	345	2.33E+05
635	302	2.29E+05
646	346	2.33E+05
636	314	2.30E+05
638	328	2.30E+05
643	342	2.32E+05
635	301	2.29E+05
637	322	2.30E+05
641	338	2.31E+05
639	332	2.31E+05
642	340	2.32E+05
636	313	2.30E+05
635	300	2.29E+05
640	335	2.31E+05
650	349	2.35E+05
649	348	2.34E+05
644	343	2.32E+05
638	327	2.30E+05
637	321	2.30E+05
636	312	2.30E+05
648	347	2.34E+05
639	331	2.31E+05
645	344	2.33E+05
641	337	2.31E+05
647	346	2.34E+05
643	341	2.32E+05
646	345	2.33E+05
637	320	2.30E+05
638	326	2.30E+05
642	339	2.32E+05
640	334	2.31E+05
636	311	2.30E+05
651	349	2.35E+05
639	330	2.31E+05
650	348	2.35E+05
637	319	2.30E+05
636	310	2.30E+05
644	342	2.32E+05
638	325	2.30E+05
641	336	2.31E+05
640	333	2.31E+05
636	309	2.30E+05
649	347	2.34E+05
643	340	2.32E+05
645	343	2.33E+05
637	318	2.30E+05
642	338	2.32E+05
639	329	2.31E+05
648	346	2.34E+05
646	344	2.33E+05
638	324	2.30E+05
647	345	2.34E+05
636	308	2.30E+05
652	349	2.35E+05
637	317	2.30E+05
651	348	2.35E+05
641	335	2.31E+05
640	332	2.31E+05
644	341	2.32E+05
636	307	2.30E+05
639	328	2.31E+05
638	323	2.30E+05
642	337	2.32E+05
643	339	2.32E+05
637	316	2.30E+05
650	347	2.35E+05
645	342	2.33E+05
636	306	2.30E+05
640	331	2.31E+05
641	334	2.31E+05
638	322	2.30E+05
639	327	2.31E+05
649	346	2.34E+05
646	343	2.33E+05
637	315	2.30E+05
653	349	2.36E+05
636	305	2.30E+05
652	348	2.35E+05
648	345	2.34E+05
647	344	2.34E+05
644	340	2.32E+05
642	336	2.32E+05
643	338	2.32E+05
638	321	2.30E+05
637	314	2.30E+05
636	304	2.30E+05
640	330	2.31E+05
639	326	2.31E+05
641	333	2.31E+05
651	347	2.35E+05
645	341	2.33E+05
636	303	2.30E+05
637	313	2.30E+05
638	320	2.30E+05
654	349	2.36E+05
653	348	2.36E+05
650	346	2.35E+05
646	342	2.33E+05
639	325	2.31E+05
642	335	2.32E+05
636	302	2.30E+05
644	339	2.32E+05
640	329	2.31E+05
649	345	2.34E+05
643	337	2.32E+05
637	312	2.30E+05
647	343	2.34E+05
648	344	2.34E+05
641	332	2.31E+05
638	319	2.30E+05
636	301	2.30E+05
652	347	2.35E+05
639	324	2.31E+05
637	311	2.30E+05
645	340	2.33E+05
640	328	2.31E+05
655	349	2.36E+05
636	300	2.30E+05
642	334	2.32E+05
638	318	2.30E+05
654	348	2.36E+05
641	331	2.31E+05
651	346	2.35E+05
644	338	2.32E+05
637	310	2.30E+05
643	336	2.32E+05
646	341	2.33E+05
639	323	2.31E+05
650	345	2.35E+05
638	317	2.30E+05
647	342	2.34E+05
640	327	2.31E+05
637	309	2.30E+05
649	344	2.34E+05
648	343	2.34E+05
653	347	2.36E+05
642	333	2.32E+05
645	339	2.33E+05
656	349	2.37E+05
641	330	2.31E+05
639	322	2.31E+05
655	348	2.36E+05
638	316	2.30E+05
637	308	2.30E+05
644	337	2.32E+05
643	335	2.32E+05
640	326	2.31E+05
652	346	2.35E+05
646	340	2.33E+05
639	321	2.31E+05
638	315	2.30E+05
637	307	2.30E+05
642	332	2.32E+05
641	329	2.31E+05
651	345	2.35E+05
654	347	2.36E+05
647	341	2.34E+05
657	349	2.37E+05
645	338	2.33E+05
640	325	2.31E+05
656	348	2.37E+05
650	344	2.35E+05
648	342	2.34E+05
637	306	2.30E+05
643	334	2.32E+05
649	343	2.34E+05
638	314	2.30E+05
639	320	2.31E+05
644	336	2.32E+05
653	346	2.36E+05
641	328	2.31E+05
642	331	2.32E+05
637	305	2.30E+05
646	339	2.33E+05
640	324	2.31E+05
638	313	2.30E+05
639	319	2.31E+05
658	349	2.38E+05
655	347	2.36E+05
657	348	2.37E+05
652	345	2.35E+05
637	304	2.30E+05
643	333	2.32E+05
647	340	2.34E+05
645	337	2.33E+05
644	335	2.32E+05
638	312	2.30E+05
641	327	2.31E+05
651	344	2.35E+05
648	341	2.34E+05
640	323	2.31E+05
642	330	2.32E+05
639	318	2.31E+05
637	303	2.30E+05
650	343	2.35E+05
649	342	2.34E+05
654	346	2.36E+05
646	338	2.33E+05
638	311	2.30E+05
659	349	2.38E+05
658	348	2.38E+05
656	347	2.37E+05
637	302	2.30E+05
643	332	2.32E+05
641	326	2.31E+05
640	322	2.31E+05
639	317	2.31E+05
645	336	2.33E+05
653	345	2.36E+05
644	334	2.32E+05
642	329	2.32E+05
647	339	2.34E+05
638	310	2.30E+05
637	301	2.30E+05
652	344	2.35E+05
639	316	2.31E+05
648	340	2.34E+05
655	346	2.36E+05
640	321	2.31E+05
641	325	2.31E+05
660	349	2.38E+05
638	309	2.30E+05
651	343	2.35E+05
643	331	2.32E+05
637	300	2.30E+05
659	348	2.38E+05
649	341	2.34E+05
646	337	2.33E+05
650	342	2.35E+05
657	347	2.37E+05
642	328	2.32E+05
644	333	2.32E+05
645	335	2.33E+05
639	315	2.31E+05
654	345	2.36E+05
638	308	2.30E+05
640	320	2.31E+05
647	338	2.34E+05
641	324	2.31E+05
643	330	2.32E+05
661	349	2.39E+05
660	348	2.38E+05
656	346	2.37E+05
639	314	2.31E+05
653	344	2.36E+05
642	327	2.32E+05
638	307	2.30E+05
648	339	2.34E+05
658	347	2.38E+05
646	336	2.33E+05
640	319	2.31E+05
644	332	2.32E+05
652	343	2.35E+05
649	340	2.34E+05
645	334	2.33E+05
641	323	2.31E+05
651	342	2.35E+05
650	341	2.35E+05
638	306	2.30E+05
639	313	2.31E+05
655	345	2.36E+05
643	329	2.32E+05
647	337	2.34E+05
642	326	2.32E+05
662	349	2.39E+05
640	318	2.31E+05
661	348	2.39E+05
657	346	2.37E+05
638	305	2.30E+05
659	347	2.38E+05
641	322	2.31E+05
639	312	2.31E+05
654	344	2.36E+05
644	331	2.32E+05
646	335	2.33E+05
648	338	2.34E+05
645	333	2.33E+05
640	317	2.31E+05
638	304	2.30E+05
653	343	2.36E+05
642	325	2.32E+05
643	328	2.32E+05
649	339	2.34E+05
639	311	2.31E+05
662	348	2.39E+05
663	349	2.39E+05
656	345	2.37E+05
652	342	2.35E+05
650	340	2.35E+05
641	321	2.31E+05
651	341	2.35E+05
647	336	2.34E+05
660	347	2.38E+05
658	346	2.38E+05
638	303	2.30E+05
644	330	2.32E+05
640	316	2.31E+05
639	310	2.31E+05
646	334	2.33E+05
655	344	2.36E+05
645	332	2.33E+05
642	324	2.32E+05
643	327	2.32E+05
648	337	2.34E+05
641	320	2.31E+05
638	302	2.30E+05
663	348	2.39E+05
664	349	2.40E+05
640	315	2.31E+05
654	343	2.36E+05
639	309	2.31E+05
657	345	2.37E+05
649	338	2.34E+05
661	347	2.39E+05
638	301	2.30E+05
644	329	2.32E+05
659	346	2.38E+05
647	335	2.34E+05
653	342	2.36E+05
642	323	2.32E+05
650	339	2.35E+05
641	319	2.31E+05
652	341	2.35E+05
651	340	2.35E+05
643	326	2.32E+05
646	333	2.33E+05
645	331	2.33E+05
640	314	2.31E+05
639	308	2.31E+05
664	348	2.40E+05
656	344	2.37E+05
638	300	2.30E+05
665	349	2.40E+05
648	336	2.34E+05
662	347	2.39E+05
642	322	2.32E+05
658	345	2.38E+05
641	318	2.31E+05
644	328	2.32E+05
639	307	2.31E+05
640	313	2.31E+05
655	343	2.36E+05
660	346	2.38E+05
643	325	2.32E+05
649	337	2.34E+05
647	334	2.34E+05
645	330	2.33E+05
665	348	2.40E+05
654	342	2.36E+05
646	332	2.33E+05
666	349	2.40E+05
650	338	2.35E+05
639	306	2.31E+05
641	317	2.31E+05
657	344	2.37E+05
653	341	2.36E+05
640	312	2.31E+05
642	321	2.32E+05
651	339	2.35E+05
652	340	2.35E+05
663	347	2.39E+05
644	327	2.32E+05
648	335	2.34E+05
643	324	2.32E+05
659	345	2.38E+05
661	346	2.39E+05
639	305	2.31E+05
666	348	2.40E+05
656	343	2.37E+05
645	329	2.33E+05
640	311	2.31E+05
647	333	2.34E+05
641	316	2.31E+05
667	349	2.41E+05
649	336	2.34E+05
646	331	2.33E+05
642	320	2.32E+05
639	304	2.31E+05
655	342	2.36E+05
664	347	2.40E+05
644	326	2.32E+05
658	344	2.38E+05
650	337	2.35E+05
643	323	2.32E+05
640	310	2.31E+05
654	341	2.36E+05
667	348	2.41E+05
641	315	2.31E+05
648	334	2.34E+05
662	346	2.39E+05
660	345	2.38E+05
651	338	2.35E+05
653	340	2.36E+05
652	339	2.35E+05
642	319	2.32E+05
639	303	2.31E+05
645	328	2.33E+05
668	349	2.41E+05
647	332	2.34E+05
657	343	2.37E+05
646	330	2.33E+05
640	309	2.31E+05
643	322	2.32E+05
665	347	2.40E+05
649	335	2.34E+05
644	325	2.32E+05
641	314	2.31E+05
639	302	2.31E+05
668	348	2.41E+05
659	344	2.38E+05
642	318	2.32E+05
656	342	2.37E+05
663	346	2.39E+05
661	345	2.39E+05
650	336	2.35E+05
640	308	2.31E+05
669	349	2.42E+05
648	333	2.34E+05
645	327	2.33E+05
639	301	2.31E+05
655	341	2.36E+05
641	313	2.31E+05
651	337	2.35E+05
643	321	2.32E+05
647	331	2.34E+05
646	329	2.33E+05
644	324	2.32E+05
666	347	2.40E+05
654	340	2.36E+05
658	343	2.38E+05
652	338	2.35E+05
669	348	2.42E+05
653	339	2.36E+05
642	317	2.32E+05
640	307	2.31E+05
649	334	2.34E+05
639	300	2.31E+05
664	346	2.40E+05
660	344	2.38E+05
641	312	2.31E+05
670	349	2.42E+05
662	345	2.39E+05
645	326	2.33E+05
657	342	2.37E+05
643	320	2.32E+05
648	332	2.34E+05
650	335	2.35E+05
640	306	2.31E+05
644	323	2.32E+05
667	347	2.41E+05
642	316	2.32E+05
670	348	2.42E+05
646	328	2.33E+05
647	330	2.34E+05
656	341	2.37E+05
641	311	2.31E+05
651	336	2.35E+05
659	343	2.38E+05
665	346	2.40E+05
655	340	2.36E+05
640	305	2.31E+05
671	349	2.42E+05
652	337	2.35E+05
649	333	2.34E+05
643	319	2.32E+05
654	339	2.36E+05
645	325	2.33E+05
661	344	2.39E+05
653	338	2.36E+05
663	345	2.39E+05
642	315	2.32E+05
671	348	2.42E+05
644	322	2.32E+05
668	347	2.41E+05
641	310	2.31E+05
658	342	2.38E+05
648	331	2.34E+05
646	327	2.33E+05
640	304	2.31E+05
647	329	2.34E+05
650	334	2.35E+05
666	346	2.40E+05
643	318	2.32E+05
672	349	2.43E+05
642	314	2.32E+05
657	341	2.37E+05
660	343	2.38E+05
645	324	2.33E+05
672	348	2.43E+05
651	335	2.35E+05
641	309	2.31E+05
644	321	2.32E+05
669	347	2.42E+05
664	345	2.40E+05
662	344	2.39E+05
640	303	2.31E+05
649	332	2.34E+05
656	340	2.37E+05
652	336	2.35E+05
646	326	2.33E+05
655	339	2.36E+05
653	337	2.36E+05
654	338	2.36E+05
648	330	2.34E+05
659	342	2.38E+05
642	313	2.32E+05
647	328	2.34E+05
643	317	2.32E+05
641	308	2.31E+05
673	349	2.43E+05
667	346	2.41E+05
640	302	2.31E+05
673	348	2.43E+05
650	333	2.35E+05
645	323	2.33E+05
670	347	2.42E+05
644	320	2.32E+05
661	343	2.39E+05
665	345	2.40E+05
658	341	2.38E+05
663	344	2.39E+05
642	312	2.32E+05
651	334	2.35E+05
640	301	2.31E+05
649	331	2.34E+05
641	307	2.31E+05
643	316	2.32E+05
646	325	2.33E+05
657	340	2.37E+05
674	348	2.43E+05
668	346	2.41E+05
648	329	2.34E+05
647	327	2.34E+05
652	335	2.35E+05
660	342	2.38E+05
645	322	2.33E+05
644	319	2.32E+05
671	347	2.42E+05
656	339	2.37E+05
653	336	2.36E+05
640	300	2.31E+05
655	338	2.36E+05
641	306	2.31E+05
654	337	2.36E+05
642	311	2.32E+05
666	345	2.40E+05
650	332	2.35E+05
662	343	2.39E+05
643	315	2.32E+05
664	344	2.40E+05
646	324	2.33E+05
659	341	2.38E+05
675	348	2.44E+05
649	330	2.34E+05
669	346	2.41E+05
672	347	2.43E+05
651	333	2.35E+05
644	318	2.32E+05
641	305	2.31E+05
647	326	2.34E+05
645	321	2.33E+05
648	328	2.34E+05
642	310	2.32E+05
658	340	2.38E+05
661	342	2.39E+05
643	314	2.32E+05
667	345	2.41E+05
652	334	2.35E+05
663	343	2.39E+05
657	339	2.37E+05
665	344	2.40E+05
650	331	2.35E+05
646	323	2.33E+05
641	304	2.31E+05
653	335	2.36E+05
676	348	2.44E+05
673	347	2.43E+05
670	346	2.42E+05
656	338	2.37E+05
644	317	2.32E+05
642	309	2.32E+05
654	336	2.36E+05
655	337	2.36E+05
645	320	2.33E+05
660	341	2.38E+05
649	329	2.34E+05
647	325	2.34E+05
643	313	2.32E+05
648	327	2.34E+05
651	332	2.35E+05
641	303	2.31E+05
668	345	2.41E+05
662	342	2.39E+05
659	340	2.38E+05
642	308	2.32E+05
677	348	2.44E+05
674	347	2.43E+05
666	344	2.40E+05
646	322	2.33E+05
644	316	2.32E+05
671	346	2.42E+05
664	343	2.40E+05
652	333	2.35E+05
645	319	2.33E+05
650	330	2.35E+05
643	312	2.32E+05
658	339	2.38E+05
641	302	2.31E+05
647	324	2.34E+05
653	334	2.36E+05
661	341	2.39E+05
649	328	2.34E+05
657	338	2.37E+05
642	307	2.32E+05
648	326	2.34E+05
669	345	2.41E+05
654	335	2.36E+05
656	337	2.37E+05
675	347	2.44E+05
655	336	2.36E+05
678	348	2.45E+05
644	315	2.32E+05
651	331	2.35E+05
672	346	2.43E+05
663	342	2.39E+05
646	321	2.33E+05
643	311	2.32E+05
641	301	2.31E+05
667	344	2.41E+05
645	318	2.33E+05
665	343	2.40E+05
660	340	2.38E+05
642	306	2.32E+05
650	329	2.35E+05
652	332	2.35E+05
647	323	2.34E+05
676	347	2.44E+05
670	345	2.42E+05
659	339	2.38E+05
641	300	2.31E+05
649	327	2.34E+05
644	314	2.32E+05
648	325	2.34E+05
679	348	2.45E+05
643	310	2.32E+05
662	341	2.39E+05
673	346	2.43E+05
653	333	2.36E+05
646	320	2.33E+05
658	338	2.38E+05
645	317	2.33E+05
668	344	2.41E+05
642	305	2.32E+05
664	342	2.40E+05
654	334	2.36E+05
651	330	2.35E+05
666	343	2.40E+05
657	337	2.37E+05
655	335	2.36E+05
656	336	2.37E+05
677	347	2.44E+05
661	340	2.39E+05
647	322	2.34E+05
644	313	2.32E+05
643	309	2.32E+05
671	345	2.42E+05
650	328	2.35E+05
680	348	2.45E+05
674	346	2.43E+05
642	304	2.32E+05
652	331	2.35E+05
648	324	2.34E+05
649	326	2.34E+05
646	319	2.33E+05
645	316	2.33E+05
663	341	2.39E+05
660	339	2.38E+05
669	344	2.41E+05
678	347	2.45E+05
653	332	2.36E+05
667	343	2.41E+05
665	342	2.40E+05
643	308	2.32E+05
644	312	2.32E+05
659	338	2.38E+05
651	329	2.35E+05
672	345	2.43E+05
642	303	2.32E+05
647	321	2.34E+05
675	346	2.44E+05
681	348	2.46E+05
654	333	2.36E+05
658	337	2.38E+05
662	340	2.39E+05
645	315	2.33E+05
655	334	2.36E+05
650	327	2.35E+05
646	318	2.33E+05
657	336	2.37E+05
648	323	2.34E+05
656	335	2.37E+05
649	325	2.34E+05
679	347	2.45E+05
670	344	2.42E+05
643	307	2.32E+05
652	330	2.35E+05
664	341	2.40E+05
642	302	2.32E+05
644	311	2.32E+05
668	343	2.41E+05
661	339	2.39E+05
676	346	2.44E+05
673	345	2.43E+05
666	342	2.40E+05
682	348	2.46E+05
647	320	2.34E+05
653	331	2.36E+05
645	314	2.33E+05
651	328	2.35E+05
680	347	2.45E+05
646	317	2.33E+05
660	338	2.38E+05
643	306	2.32E+05
642	301	2.32E+05
648	322	2.34E+05
663	340	2.39E+05
671	344	2.42E+05
650	326	2.35E+05
644	310	2.32E+05
654	332	2.36E+05
649	324	2.34E+05
659	337	2.38E+05
677	346	2.44E+05
674	345	2.43E+05
655	333	2.36E+05
683	348	2.47E+05
665	341	2.40E+05
669	343	2.41E+05
658	336	2.38E+05
652	329	2.35E+05
656	334	2.37E+05
667	342	2.41E+05
657	335	2.37E+05
647	319	2.34E+05
681	347	2.46E+05
645	313	2.33E+05
642	300	2.32E+05
643	305	2.32E+05
662	339	2.39E+05
646	316	2.33E+05
644	309	2.32E+05
651	327	2.35E+05
672	344	2.43E+05
653	330	2.36E+05
648	321	2.34E+05
678	346	2.45E+05
661	338	2.39E+05
664	340	2.40E+05
650	325	2.35E+05
675	345	2.44E+05
649	323	2.34E+05
684	348	2.47E+05
682	347	2.46E+05
643	304	2.32E+05
670	343	2.42E+05
645	312	2.33E+05
654	331	2.36E+05
666	341	2.40E+05
647	318	2.34E+05
660	337	2.38E+05
668	342	2.41E+05
646	315	2.33E+05
644	308	2.32E+05
652	328	2.35E+05
655	332	2.36E+05
659	336	2.38E+05
679	346	2.45E+05
663	339	2.39E+05
673	344	2.43E+05
656	333	2.37E+05
658	335	2.38E+05
648	320	2.34E+05
683	347	2.47E+05
657	334	2.37E+05
676	345	2.44E+05
643	303	2.32E+05
685	348	2.47E+05
651	326	2.35E+05
645	311	2.33E+05
649	322	2.34E+05
653	329	2.36E+05
650	324	2.35E+05
665	340	2.40E+05
671	343	2.42E+05
644	307	2.32E+05
647	317	2.34E+05
662	338	2.39E+05
646	314	2.33E+05
669	342	2.41E+05
667	341	2.41E+05
680	346	2.45E+05
684	347	2.47E+05
654	330	2.36E+05
643	302	2.32E+05
674	344	2.43E+05
677	345	2.44E+05
661	337	2.39E+05
652	327	2.35E+05
686	348	2.48E+05
648	319	2.34E+05
645	310	2.33E+05
664	339	2.40E+05
655	331	2.36E+05
644	306	2.32E+05
660	336	2.38E+05
651	325	2.35E+05
649	321	2.34E+05
672	343	2.43E+05
647	316	2.34E+05
681	346	2.46E+05
656	332	2.37E+05
646	313	2.33E+05
650	323	2.35E+05
685	347	2.47E+05
659	335	2.38E+05
666	340	2.40E+05
643	301	2.32E+05
657	333	2.37E+05
658	334	2.38E+05
653	328	2.36E+05
670	342	2.42E+05
668	341	2.41E+05
675	344	2.44E+05
678	345	2.45E+05
663	338	2.39E+05
687	348	2.48E+05
645	309	2.33E+05
644	305	2.32E+05
648	318	2.34E+05
654	329	2.36E+05
652	326	2.35E+05
686	347	2.48E+05
682	346	2.46E+05
643	300	2.32E+05
662	337	2.39E+05
646	312	2.33E+05
673	343	2.43E+05
665	339	2.40E+05
647	315	2.34E+05
649	320	2.34E+05
651	324	2.35E+05
650	322	2.35E+05
655	330	2.36E+05
679	345	2.45E+05
676	344	2.44E+05
661	336	2.39E+05
671	342	2.42E+05
667	340	2.41E+05
644	304	2.32E+05
688	348	2.48E+05
645	308	2.33E+05
669	341	2.41E+05
653	327	2.36E+05
687	347	2.48E+05
656	331	2.37E+05
660	335	2.38E+05
683	346	2.47E+05
664	338	2.40E+05
648	317	2.34E+05
657	332	2.37E+05
659	334	2.38E+05
658	333	2.38E+05
646	311	2.33E+05
674	343	2.43E+05
647	314	2.34E+05
652	325	2.35E+05
680	345	2.45E+05
649	319	2.34E+05
654	328	2.36E+05
677	344	2.44E+05
644	303	2.32E+05
666	339	2.40E+05
688	347	2.48E+05
645	307	2.33E+05
663	337	2.39E+05
651	323	2.35E+05
689	348	2.49E+05
650	321	2.35E+05
672	342	2.43E+05
684	346	2.47E+05
668	340	2.41E+05
670	341	2.42E+05
655	329	2.36E+05
648	316	2.34E+05
662	336	2.39E+05
646	310	2.33E+05
653	326	2.36E+05
647	313	2.34E+05
681	345	2.46E+05
675	343	2.44E+05
689	347	2.49E+05
665	338	2.40E+05
644	302	2.32E+05
656	330	2.37E+05
661	335	2.39E+05
678	344	2.45E+05
645	306	2.33E+05
685	346	2.47E+05
649	318	2.34E+05
690	348	2.49E+05
657	331	2.37E+05
652	324	2.35E+05
660	334	2.38E+05
658	332	2.38E+05
673	342	2.43E+05
659	333	2.38E+05
667	339	2.41E+05
650	320	2.35E+05
651	322	2.35E+05
654	327	2.36E+05
664	337	2.40E+05
690	347	2.49E+05
671	341	2.42E+05
669	340	2.41E+05
646	309	2.33E+05
648	315	2.34E+05
682	345	2.46E+05
644	301	2.32E+05
647	312	2.34E+05
676	343	2.44E+05
686	346	2.48E+05
645	305	2.33E+05
679	344	2.45E+05
655	328	2.36E+05
653	325	2.36E+05
691	348	2.49E+05
663	336	2.39E+05
666	338	2.40E+05
649	317	2.34E+05
691	347	2.49E+05
674	342	2.43E+05
656	329	2.37E+05
652	323	2.35E+05
662	335	2.39E+05
644	300	2.32E+05
646	308	2.33E+05
650	319	2.35E+05
683	345	2.47E+05
668	339	2.41E+05
651	321	2.35E+05
687	346	2.48E+05
648	314	2.34E+05
672	341	2.43E+05
657	330	2.37E+05
645	304	2.33E+05
670	340	2.42E+05
661	334	2.39E+05
647	311	2.34E+05
677	343	2.44E+05
654	326	2.36E+05
680	344	2.45E+05
665	337	2.40E+05
658	331	2.38E+05
660	333	2.38E+05
659	332	2.38E+05
692	347	2.50E+05
649	316	2.34E+05
653	324	2.36E+05
684	345	2.47E+05
675	342	2.44E+05
655	327	2.36E+05
688	346	2.48E+05
646	307	2.33E+05
667	338	2.41E+05
664	336	2.40E+05
645	303	2.33E+05
650	318	2.35E+05
648	313	2.34E+05
652	322	2.35E+05
647	310	2.34E+05
681	344	2.46E+05
678	343	2.45E+05
673	341	2.43E+05
651	320	2.35E+05
669	339	2.41E+05
656	328	2.37E+05
671	340	2.42E+05
693	347	2.50E+05
663	335	2.39E+05
654	325	2.36E+05
689	346	2.49E+05
685	345	2.47E+05
666	337	2.40E+05
657	329	2.37E+05
662	334	2.39E+05
646	306	2.33E+05
649	315	2.34E+05
676	342	2.44E+05
645	302	2.33E+05
658	330	2.38E+05
661	333	2.39E+05
682	344	2.46E+05
660	332	2.38E+05
659	331	2.38E+05
653	323	2.36E+05
647	309	2.34E+05
679	343	2.45E+05
648	312	2.34E+05
668	338	2.41E+05
650	317	2.35E+05
655	326	2.36E+05
674	341	2.43E+05
665	336	2.40E+05
694	347	2.51E+05
690	346	2.49E+05
652	321	2.35E+05
651	319	2.35E+05
686	345	2.48E+05
670	339	2.42E+05
672	340	2.43E+05
646	305	2.33E+05
645	301	2.33E+05
656	327	2.37E+05
664	335	2.40E+05
677	342	2.44E+05
649	314	2.34E+05
683	344	2.47E+05
654	324	2.36E+05
667	337	2.41E+05
680	343	2.45E+05
647	308	2.34E+05
691	346	2.49E+05
648	311	2.34E+05
657	328	2.37E+05
663	334	2.39E+05
695	347	2.51E+05
687	345	2.48E+05
650	316	2.35E+05
675	341	2.44E+05
653	322	2.36E+05
669	338	2.41E+05
658	329	2.38E+05
662	333	2.39E+05
646	304	2.33E+05
645	300	2.33E+05
651	318	2.35E+05
652	320	2.35E+05
673	340	2.43E+05
671	339	2.42E+05
655	325	2.36E+05
666	336	2.40E+05
659	330	2.38E+05
661	332	2.39E+05
660	331	2.38E+05
684	344	2.47E+05
692	346	2.50E+05
678	342	2.45E+05
649	313	2.34E+05
681	343	2.46E+05
647	307	2.34E+05
688	345	2.48E+05
648	310	2.34E+05
696	347	2.51E+05
656	326	2.37E+05
665	335	2.40E+05
654	323	2.36E+05
668	337	2.41E+05
676	341	2.44E+05
650	315	2.35E+05
646	303	2.33E+05
693	346	2.50E+05
653	321	2.36E+05
685	344	2.47E+05
670	338	2.42E+05
657	327	2.37E+05
674	340	2.43E+05
664	334	2.40E+05
651	317	2.35E+05
672	339	2.43E+05
652	319	2.35E+05
689	345	2.49E+05
679	342	2.45E+05
682	343	2.46E+05
649	312	2.34E+05
647	306	2.34E+05
655	324	2.36E+05
667	336	2.41E+05
663	333	2.39E+05
658	328	2.38E+05
697	347	2.52E+05
648	309	2.34E+05
694	346	2.51E+05
659	329	2.38E+05
662	332	2.39E+05
646	302	2.33E+05
661	331	2.39E+05
660	330	2.38E+05
677	341	2.44E+05
686	344	2.48E+05
650	314	2.35E+05
669	337	2.41E+05
654	322	2.36E+05
690	345	2.49E+05
656	325	2.37E+05
666	335	2.40E+05
680	342	2.45E+05
683	343	2.47E+05
675	340	2.44E+05
671	338	2.42E+05
651	316	2.35E+05
647	305	2.34E+05
653	320	2.36E+05
695	346	2.51E+05
673	339	2.43E+05
649	311	2.34E+05
652	318	2.35E+05
698	347	2.52E+05
648	308	2.34E+05
665	334	2.40E+05
657	326	2.37E+05
646	301	2.33E+05
687	344	2.48E+05
668	336	2.41E+05
691	345	2.49E+05
655	323	2.36E+05
678	341	2.45E+05
645	299	2.33E+05
664	333	2.40E+05
658	327	2.38E+05
650	313	2.35E+05
696	346	2.51E+05
684	343	2.47E+05
681	342	2.46E+05
647	304	2.34E+05
670	337	2.42E+05
663	332	2.39E+05
659	328	2.38E+05
676	340	2.44E+05
654	321	2.36E+05
662	331	2.39E+05
660	329	2.38E+05
649	310	2.34E+05
699	347	2.52E+05
667	335	2.41E+05
651	315	2.35E+05
656	324	2.37E+05
672	338	2.43E+05
661	330	2.39E+05
646	300	2.33E+05
674	339	2.43E+05
648	307	2.34E+05
692	345	2.50E+05
688	344	2.48E+05
653	319	2.36E+05
652	317	2.35E+05
697	346	2.52E+05
679	341	2.45E+05
685	343	2.47E+05
666	334	2.40E+05
657	325	2.37E+05
669	336	2.41E+05
682	342	2.46E+05
655	322	2.36E+05
650	312	2.35E+05
647	303	2.34E+05
693	345	2.50E+05
646	299	2.33E+05
689	344	2.49E+05
677	340	2.44E+05
700	347	2.53E+05
698	346	2.52E+05
665	333	2.40E+05
649	309	2.34E+05
658	326	2.38E+05
648	306	2.34E+05
671	337	2.42E+05
654	320	2.36E+05
651	314	2.35E+05
675	339	2.44E+05
673	338	2.43E+05
668	335	2.41E+05
664	332	2.40E+05
653	318	2.36E+05
652	316	2.35E+05
659	327	2.38E+05
656	323	2.37E+05
686	343	2.48E+05
680	341	2.45E+05
663	331	2.39E+05
694	345	2.51E+05
660	328	2.38E+05
683	342	2.47E+05
647	302	2.34E+05
699	346	2.52E+05
662	330	2.39E+05
661	329	2.39E+05
690	344	2.49E+05
650	311	2.35E+05
701	347	2.53E+05
670	336	2.42E+05
678	340	2.45E+05
667	334	2.41E+05
648	305	2.34E+05
657	324	2.37E+05
655	321	2.36E+05
649	308	2.34E+05
651	313	2.35E+05
687	343	2.48E+05
676	339	2.44E+05
672	337	2.43E+05
695	345	2.51E+05
700	346	2.53E+05
674	338	2.43E+05
681	341	2.46E+05
654	319	2.36E+05
666	333	2.40E+05
684	342	2.47E+05
658	325	2.38E+05
652	315	2.35E+05
691	344	2.49E+05
647	301	2.34E+05
653	317	2.36E+05
669	335	2.41E+05
656	322	2.37E+05
650	310	2.35E+05
702	347	2.53E+05
665	332	2.40E+05
659	326	2.38E+05
648	304	2.34E+05
701	346	2.53E+05
679	340	2.45E+05
696	345	2.51E+05
649	307	2.34E+05
688	343	2.48E+05
664	331	2.40E+05
660	327	2.38E+05
671	336	2.42E+05
692	344	2.50E+05
663	330	2.39E+05
661	328	2.39E+05
655	320	2.36E+05
668	334	2.41E+05
662	329	2.39E+05
651	312	2.35E+05
682	341	2.46E+05
677	339	2.44E+05
685	342	2.47E+05
647	300	2.34E+05
657	323	2.37E+05
673	337	2.43E+05
675	338	2.44E+05
702	346	2.53E+05
654	318	2.36E+05
652	314	2.35E+05
697	345	2.52E+05
653	316	2.36E+05
703	347	2.54E+05
650	309	2.35E+05
648	303	2.34E+05
667	333	2.41E+05
689	343	2.49E+05
658	324	2.38E+05
670	335	2.42E+05
680	340	2.45E+05
649	306	2.34E+05
693	344	2.50E+05
656	321	2.37E+05
703	346	2.54E+05
686	342	2.48E+05
647	299	2.34E+05
683	341	2.47E+05
666	332	2.40E+05
659	325	2.38E+05
698	345	2.52E+05
678	339	2.45E+05
672	336	2.43E+05
651	311	2.35E+05
655	319	2.36E+05
676	338	2.44E+05
674	337	2.43E+05
665	331	2.40E+05
660	326	2.38E+05
669	334	2.41E+05
704	347	2.54E+05
690	343	2.49E+05
652	313	2.35E+05
648	302	2.34E+05
694	344	2.51E+05
657	322	2.37E+05
704	346	2.54E+05
664	330	2.40E+05
650	308	2.35E+05
661	327	2.39E+05
654	317	2.36E+05
653	315	2.36E+05
681	340	2.46E+05
663	329	2.39E+05
662	328	2.39E+05
649	305	2.34E+05
699	345	2.52E+05
687	342	2.48E+05
684	341	2.47E+05
671	335	2.42E+05
668	333	2.41E+05
658	323	2.38E+05
656	320	2.37E+05
679	339	2.45E+05
651	310	2.35E+05
695	344	2.51E+05
691	343	2.49E+05
673	336	2.43E+05
705	346	2.54E+05
677	338	2.44E+05
648	301	2.34E+05
667	332	2.41E+05
700	345	2.53E+05
675	337	2.44E+05
659	324	2.38E+05
655	318	2.36E+05
650	307	2.35E+05
652	312	2.35E+05
682	340	2.46E+05
649	304	2.34E+05
688	342	2.48E+05
670	334	2.42E+05
654	316	2.36E+05
653	314	2.36E+05
666	331	2.40E+05
685	341	2.47E+05
657	321	2.37E+05
660	325	2.38E+05
696	344	2.51E+05
692	343	2.50E+05
665	330	2.40E+05
661	326	2.39E+05
701	345	2.53E+05
680	339	2.45E+05
672	335	2.43E+05
651	309	2.35E+05
664	329	2.40E+05
662	327	2.39E+05
669	333	2.41E+05
663	328	2.39E+05
648	300	2.34E+05
706	346	2.55E+05
656	319	2.37E+05
658	322	2.38E+05
678	338	2.45E+05
674	336	2.43E+05
689	342	2.49E+05
650	306	2.35E+05
676	337	2.44E+05
649	303	2.34E+05
683	340	2.47E+05
697	344	2.52E+05
652	311	2.35E+05
686	341	2.48E+05
702	345	2.53E+05
693	343	2.50E+05
655	317	2.36E+05
668	332	2.41E+05
653	313	2.36E+05
659	323	2.38E+05
654	315	2.36E+05
671	334	2.42E+05
681	339	2.46E+05
657	320	2.37E+05
648	299	2.34E+05
667	331	2.41E+05
707	346	2.55E+05
651	308	2.35E+05
690	342	2.49E+05
660	324	2.38E+05
698	344	2.52E+05
703	345	2.54E+05
673	335	2.43E+05
684	340	2.47E+05
679	338	2.45E+05
649	302	2.34E+05
650	305	2.35E+05
694	343	2.51E+05
666	330	2.40E+05
687	341	2.48E+05
661	325	2.39E+05
670	333	2.42E+05
675	336	2.44E+05
677	337	2.44E+05
656	318	2.37E+05
652	310	2.35E+05
665	329	2.40E+05
662	326	2.39E+05
658	321	2.38E+05
664	328	2.40E+05
663	327	2.39E+05
655	316	2.36E+05
704	345	2.54E+05
653	312	2.36E+05
699	344	2.52E+05
654	314	2.36E+05
682	339	2.46E+05
691	342	2.49E+05
708	346	2.56E+05
669	332	2.41E+05
672	334	2.43E+05
651	307	2.35E+05
695	343	2.51E+05
659	322	2.38E+05
688	341	2.48E+05
685	340	2.47E+05
649	301	2.34E+05
657	319	2.37E+05
650	304	2.35E+05
680	338	2.45E+05
674	335	2.43E+05
705	345	2.54E+05
668	331	2.41E+05
700	344	2.53E+05
678	337	2.45E+05
676	336	2.44E+05
660	323	2.38E+05
652	309	2.35E+05
671	333	2.42E+05
656	317	2.37E+05
692	342	2.50E+05
667	330	2.41E+05
696	343	2.51E+05
683	339	2.47E+05
661	324	2.39E+05
653	311	2.36E+05
709	346	2.56E+05
658	320	2.38E+05
655	315	2.36E+05
706	345	2.55E+05
654	313	2.36E+05
666	329	2.40E+05
689	341	2.49E+05
651	306	2.35E+05
686	340	2.48E+05
662	325	2.39E+05
649	300	2.34E+05
701	344	2.53E+05
673	334	2.43E+05
665	328	2.40E+05
663	326	2.39E+05
650	303	2.35E+05
664	327	2.40E+05
670	332	2.42E+05
681	338	2.46E+05
693	342	2.50E+05
659	321	2.38E+05
697	343	2.52E+05
657	318	2.37E+05
675	335	2.44E+05
679	337	2.45E+05
707	345	2.55E+05
652	308	2.35E+05
677	336	2.44E+05
669	331	2.41E+05
684	339	2.47E+05
702	344	2.53E+05
710	346	2.56E+05
690	341	2.49E+05
656	316	2.37E+05
672	333	2.43E+05
660	322	2.38E+05
687	340	2.48E+05
653	310	2.36E+05
649	299	2.34E+05
651	305	2.35E+05
655	314	2.36E+05
654	312	2.36E+05
668	330	2.41E+05
650	302	2.35E+05
708	345	2.56E+05
698	343	2.52E+05
658	319	2.38E+05
694	342	2.51E+05
682	338	2.46E+05
661	323	2.39E+05
674	334	2.43E+05
703	344	2.54E+05
667	329	2.41E+05
671	332	2.42E+05
662	324	2.39E+05
680	337	2.45E+05
652	307	2.35E+05
676	335	2.44E+05
691	341	2.49E+05
666	328	2.40E+05
685	339	2.47E+05
678	336	2.45E+05
663	325	2.39E+05
711	346	2.57E+05
657	317	2.37E+05
709	345	2.56E+05
665	327	2.40E+05
664	326	2.40E+05
659	320	2.38E+05
688	340	2.48E+05
699	343	2.52E+05
695	342	2.51E+05
651	304	2.35E+05
653	309	2.36E+05
704	344	2.54E+05
670	331	2.42E+05
656	315	2.37E+05
650	301	2.35E+05
673	333	2.43E+05
683	338	2.47E+05
654	311	2.36E+05
655	313	2.36E+05
660	321	2.38E+05
710	345	2.56E+05
692	341	2.50E+05
658	318	2.38E+05
669	330	2.41E+05
675	334	2.44E+05
700	343	2.53E+05
686	339	2.48E+05
681	337	2.46E+05
652	306	2.35E+05
689	340	2.49E+05
712	346	2.57E+05
705	344	2.54E+05
661	322	2.39E+05
696	342	2.51E+05
677	335	2.44E+05
679	336	2.45E+05
672	332	2.43E+05
668	329	2.41E+05
711	345	2.57E+05
651	303	2.35E+05
657	316	2.37E+05
662	323	2.39E+05
650	300	2.35E+05
653	308	2.36E+05
659	319	2.38E+05
667	328	2.41E+05
684	338	2.47E+05
663	324	2.39E+05
701	343	2.53E+05
693	341	2.50E+05
656	314	2.37E+05
666	327	2.40E+05
706	344	2.55E+05
654	310	2.36E+05
664	325	2.40E+05
674	333	2.43E+05
665	326	2.40E+05
671	331	2.42E+05
655	312	2.36E+05
712	345	2.57E+05
697	342	2.52E+05
687	339	2.48E+05
690	340	2.49E+05
682	337	2.46E+05
713	346	2.57E+05
652	305	2.35E+05
660	320	2.38E+05
676	334	2.44E+05
658	317	2.37E+05
680	336	2.45E+05
678	335	2.45E+05
670	330	2.42E+05
707	344	2.55E+05
651	302	2.35E+05
702	343	2.53E+05
650	299	2.35E+05
713	345	2.57E+05
694	341	2.51E+05
673	332	2.43E+05
661	321	2.39E+05
653	307	2.36E+05
685	338	2.47E+05
698	342	2.52E+05
657	315	2.37E+05
669	329	2.41E+05
691	340	2.49E+05
688	339	2.48E+05
654	309	2.36E+05
659	318	2.38E+05
656	313	2.37E+05
662	322	2.39E+05
708	344	2.56E+05
655	311	2.36E+05
675	333	2.44E+05
714	345	2.58E+05
703	343	2.54E+05
683	337	2.47E+05
668	328	2.41E+05
652	304	2.35E+05
672	331	2.43E+05
663	323	2.39E+05
695	341	2.51E+05
667	327	2.41E+05
677	334	2.44E+05
681	336	2.46E+05
664	324	2.40E+05
699	342	2.52E+05
651	301	2.35E+05
666	326	2.40E+05
679	335	2.45E+05
665	325	2.40E+05
660	319	2.38E+05
658	316	2.37E+05
686	338	2.48E+05
709	344	2.56E+05
692	340	2.50E+05
653	306	2.36E+05
671	330	2.42E+05
704	343	2.54E+05
689	339	2.49E+05
674	332	2.43E+05
657	314	2.37E+05
661	320	2.39E+05
654	308	2.36E+05
715	345	2.58E+05
696	341	2.51E+05
684	337	2.47E+05
700	342	2.53E+05
656	312	2.37E+05
652	303	2.35E+05
670	329	2.42E+05
655	310	2.36E+05
710	344	2.56E+05
659	317	2.38E+05
676	333	2.44E+05
651	300	2.35E+05
705	343	2.54E+05
682	336	2.46E+05
662	321	2.39E+05
678	334	2.45E+05
693	340	2.50E+05
687	338	2.48E+05
673	331	2.43E+05
680	335	2.45E+05
669	328	2.41E+05
690	339	2.49E+05
663	322	2.39E+05
653	305	2.36E+05
658	315	2.37E+05
668	327	2.41E+05
701	342	2.53E+05
711	344	2.57E+05
697	341	2.52E+05
660	318	2.38E+05
664	323	2.40E+05
667	326	2.41E+05
665	324	2.40E+05
666	325	2.40E+05
716	345	2.58E+05
706	343	2.55E+05
685	337	2.47E+05
675	332	2.44E+05
672	330	2.43E+05
654	307	2.36E+05
657	313	2.37E+05
652	302	2.35E+05
694	340	2.51E+05
655	309	2.36E+05
656	311	2.37E+05
651	299	2.35E+05
712	344	2.57E+05
661	319	2.39E+05
688	338	2.48E+05
683	336	2.47E+05
677	333	2.44E+05
702	342	2.53E+05
691	339	2.49E+05
671	329	2.42E+05
659	316	2.38E+05
698	341	2.52E+05
681	335	2.46E+05
679	334	2.45E+05
707	343	2.55E+05
674	331	2.43E+05
653	304	2.36E+05
662	320	2.39E+05
670	328	2.42E+05
713	344	2.57E+05
717	345	2.59E+05
686	337	2.48E+05
658	314	2.37E+05
695	340	2.51E+05
652	301	2.35E+05
663	321	2.39E+05
703	342	2.54E+05
654	306	2.36E+05
660	317	2.38E+05
669	327	2.41E+05
676	332	2.44E+05
708	343	2.56E+05
689	338	2.49E+05
699	341	2.52E+05
657	312	2.37E+05
692	339	2.50E+05
673	330	2.43E+05
664	322	2.40E+05
655	308	2.36E+05
684	336	2.47E+05
668	326	2.41E+05
656	310	2.37E+05
714	344	2.58E+05
665	323	2.40E+05
678	333	2.45E+05
667	325	2.41E+05
666	324	2.40E+05
682	335	2.46E+05
680	334	2.45E+05
661	318	2.39E+05
653	303	2.36E+05
659	315	2.38E+05
704	342	2.54E+05
696	340	2.51E+05
672	329	2.43E+05
709	343	2.56E+05
687	337	2.48E+05
718	345	2.59E+05
675	331	2.44E+05
700	341	2.53E+05
715	344	2.58E+05
652	300	2.35E+05
693	339	2.50E+05
690	338	2.49E+05
662	319	2.39E+05
654	305	2.36E+05
658	313	2.37E+05
671	328	2.42E+05
685	336	2.47E+05
677	332	2.44E+05
660	316	2.38E+05
657	311	2.37E+05
655	307	2.36E+05
710	343	2.56E+05
705	342	2.54E+05
663	320	2.39E+05
656	309	2.37E+05
716	344	2.58E+05
697	340	2.52E+05
674	330	2.43E+05
670	327	2.42E+05
683	335	2.47E+05
679	333	2.45E+05
701	341	2.53E+05
681	334	2.46E+05
653	302	2.36E+05
664	321	2.40E+05
688	337	2.48E+05
669	326	2.41E+05
719	345	2.60E+05
694	339	2.51E+05
665	322	2.40E+05
691	338	2.49E+05
659	314	2.38E+05
668	325	2.41E+05
661	317	2.39E+05
652	299	2.35E+05
711	343	2.57E+05
667	324	2.41E+05
666	323	2.40E+05
717	344	2.59E+05
706	342	2.55E+05
676	331	2.44E+05
673	329	2.43E+05
654	304	2.36E+05
686	336	2.48E+05
698	340	2.52E+05
658	312	2.37E+05
702	341	2.53E+05
662	318	2.39E+05
655	306	2.36E+05
678	332	2.45E+05
718	344	2.59E+05
684	335	2.47E+05
672	328	2.43E+05
657	310	2.37E+05
712	343	2.57E+05
656	308	2.37E+05
689	337	2.49E+05
695	339	2.51E+05
660	315	2.38E+05
653	301	2.36E+05
680	333	2.45E+05
707	342	2.55E+05
682	334	2.46E+05
675	330	2.44E+05
692	338	2.50E+05
720	345	2.60E+05
663	319	2.39E+05
671	327	2.42E+05
703	341	2.54E+05
699	340	2.52E+05
719	344	2.60E+05
713	343	2.57E+05
664	320	2.40E+05
659	313	2.38E+05
687	336	2.48E+05
654	303	2.36E+05
670	326	2.42E+05
677	331	2.44E+05
661	316	2.39E+05
708	342	2.56E+05
674	329	2.43E+05
665	321	2.40E+05
669	325	2.41E+05
696	339	2.51E+05
658	311	2.37E+05
655	305	2.36E+05
690	337	2.49E+05
666	322	2.40E+05
685	335	2.47E+05
668	324	2.41E+05
667	323	2.41E+05
720	344	2.60E+05
679	332	2.45E+05
693	338	2.50E+05
653	300	2.36E+05
657	309	2.37E+05
656	307	2.37E+05
704	341	2.54E+05
714	343	2.58E+05
683	334	2.47E+05
700	340	2.53E+05
681	333	2.46E+05
662	317	2.39E+05
673	328	2.43E+05
660	314	2.38E+05
709	342	2.56E+05
676	330	2.44E+05
688	336	2.48E+05
654	302	2.36E+05
697	339	2.52E+05
663	318	2.39E+05
715	343	2.58E+05
672	327	2.43E+05
1	345	345
1	344	344
705	341	2.54E+05
659	312	2.38E+05
691	337	2.49E+05
678	331	2.45E+05
694	338	2.51E+05
701	340	2.53E+05
686	335	2.48E+05
710	342	2.56E+05
661	315	2.39E+05
664	319	2.40E+05
655	304	2.36E+05
675	329	2.44E+05
671	326	2.42E+05
653	299	2.36E+05
658	310	2.37E+05
680	332	2.45E+05
684	334	2.47E+05
656	306	2.37E+05
2	344	705
682	333	2.46E+05
657	308	2.37E+05
716	343	2.58E+05
665	320	2.40E+05
670	325	2.42E+05
698	339	2.52E+05
689	336	2.49E+05
666	321	2.40E+05
706	341	2.55E+05
669	324	2.41E+05
667	322	2.41E+05
668	323	2.41E+05
662	316	2.39E+05
711	342	2.57E+05
674	328	2.43E+05
660	313	2.38E+05
702	340	2.53E+05
677	330	2.44E+05
654	301	2.36E+05
695	338	2.51E+05
692	337	2.50E+05
717	343	2.59E+05
687	335	2.48E+05
679	331	2.45E+05
663	317	2.39E+05
659	311	2.38E+05
673	327	2.43E+05
655	303	2.36E+05
707	341	2.55E+05
712	342	2.57E+05
699	339	2.52E+05
685	334	2.47E+05
3	344	1066
681	332	2.46E+05
661	314	2.39E+05
658	309	2.37E+05
676	329	2.44E+05
656	305	2.37E+05
683	333	2.47E+05
703	340	2.54E+05
718	343	2.59E+05
690	336	2.49E+05
657	307	2.37E+05
664	318	2.40E+05
672	326	2.43E+05
696	338	2.51E+05
693	337	2.50E+05
654	300	2.36E+05
665	319	2.40E+05
671	325	2.42E+05
713	342	2.57E+05
708	341	2.56E+05
678	330	2.45E+05
660	312	2.38E+05
688	335	2.48E+05
675	328	2.44E+05
662	315	2.39E+05
719	343	2.60E+05
666	320	2.40E+05
700	339	2.53E+05
670	324	2.42E+05
704	340	2.54E+05
667	321	2.41E+05
669	323	2.41E+05
668	322	2.41E+05
655	302	2.36E+05
680	331	2.45E+05
686	334	2.48E+05
659	310	2.38E+05
4	344	1427
691	336	2.49E+05
697	338	2.52E+05
682	332	2.46E+05
684	333	2.47E+05
714	342	2.58E+05
674	327	2.43E+05
663	316	2.39E+05
656	304	2.37E+05
720	343	2.60E+05
709	341	2.56E+05
694	337	2.51E+05
658	308	2.37E+05
657	306	2.37E+05
677	329	2.44E+05
661	313	2.39E+05
654	299	2.36E+05
701	339	2.53E+05
705	340	2.54E+05
673	326	2.43E+05
689	335	2.49E+05
664	317	2.40E+05
715	342	2.58E+05
679	330	2.45E+05
710	341	2.56E+05
660	311	2.38E+05
698	338	2.52E+05
672	325	2.43E+05
676	328	2.44E+05
665	318	2.40E+05
655	301	2.36E+05
692	336	2.50E+05
687	334	2.48E+05
662	314	2.39E+05
1	343	343
695	337	2.51E+05
5	344	1788
681	331	2.46E+05
685	333	2.47E+05
671	324	2.42E+05
666	319	2.40E+05
706	340	2.55E+05
659	309	2.38E+05
702	339	2.53E+05
683	332	2.47E+05
2	343	704
656	303	2.37E+05
716	342	2.58E+05
670	323	2.42E+05
667	320	2.41E+05
658	307	2.37E+05
657	305	2.37E+05
669	322	2.41E+05
668	321	2.41E+05
711	341	2.57E+05
675	327	2.44E+05
690	335	2.49E+05
663	315	2.39E+05
678	329	2.45E+05
661	312	2.39E+05
699	338	2.52E+05
3	343	1065
693	336	2.50E+05
717	342	2.59E+05
707	340	2.55E+05
696	337	2.51E+05
703	339	2.54E+05
688	334	2.48E+05
674	326	2.43E+05
680	330	2.45E+05
655	300	2.36E+05
664	316	2.40E+05
660	310	2.38E+05
712	341	2.57E+05
6	344	2149
686	333	2.48E+05
682	331	2.46E+05
677	328	2.44E+05
4	343	1426
684	332	2.47E+05
662	313	2.39E+05
673	325	2.43E+05
656	302	2.37E+05
665	317	2.40E+05
659	308	2.38E+05
718	342	2.59E+05
700	338	2.53E+05
691	335	2.49E+05
657	304	2.37E+05
708	340	2.56E+05
658	306	2.37E+05
672	324	2.43E+05
666	318	2.40E+05
704	339	2.54E+05
697	337	2.52E+05
713	341	2.57E+05
694	336	2.51E+05
679	329	2.45E+05
5	343	1787
676	327	2.44E+05
671	323	2.42E+05
667	319	2.41E+05
663	314	2.39E+05
661	311	2.39E+05
689	334	2.49E+05
670	322	2.42E+05
668	320	2.41E+05
669	321	2.41E+05
719	342	2.60E+05
655	299	2.36E+05
681	330	2.46E+05
7	344	2510
687	333	2.48E+05
709	340	2.56E+05
701	338	2.53E+05
6	343	2148
675	326	2.44E+05
683	331	2.47E+05
660	309	2.38E+05
714	341	2.58E+05
685	332	2.47E+05
664	315	2.40E+05
692	335	2.50E+05
705	339	2.54E+05
656	301	2.37E+05
678	328	2.45E+05
698	337	2.52E+05
720	342	2.60E+05
695	336	2.51E+05
662	312	2.39E+05
659	307	2.38E+05
657	303	2.37E+05
674	325	2.43E+05
658	305	2.37E+05
7	343	2509
665	316	2.40E+05
710	340	2.56E+05
690	334	2.49E+05
715	341	2.58E+05
680	329	2.45E+05
702	338	2.53E+05
673	324	2.43E+05
677	327	2.44E+05
706	339	2.55E+05
666	317	2.40E+05
661	310	2.39E+05
663	313	2.39E+05
688	333	2.48E+05
682	330	2.46E+05
8	343	2870
693	335	2.50E+05
672	323	2.43E+05
699	337	2.52E+05
667	318	2.41E+05
1	342	342
686	332	2.48E+05
684	331	2.47E+05
696	336	2.51E+05
671	322	2.42E+05
656	300	2.37E+05
668	319	2.41E+05
716	341	2.58E+05
711	340	2.57E+05
660	308	2.38E+05
670	321	2.42E+05
669	320	2.41E+05
676	326	2.44E+05
2	342	703
679	328	2.45E+05
703	338	2.54E+05
664	314	2.40E+05
657	302	2.37E+05
659	306	2.38E+05
707	339	2.55E+05
691	334	2.49E+05
658	304	2.37E+05
662	311	2.39E+05
675	325	2.44E+05
717	341	2.59E+05
681	329	2.46E+05
700	337	2.53E+05
3	342	1064
712	340	2.57E+05
694	335	2.51E+05
665	315	2.40E+05
689	333	2.49E+05
697	336	2.52E+05
678	327	2.45E+05
9	343	3231
683	330	2.47E+05
661	309	2.39E+05
687	332	2.48E+05
674	324	2.43E+05
708	339	2.56E+05
704	338	2.54E+05
685	331	2.47E+05
666	316	2.40E+05
663	312	2.39E+05
656	299	2.37E+05
4	342	1425
718	341	2.59E+05
673	323	2.43E+05
660	307	2.38E+05
692	334	2.50E+05
713	340	2.57E+05
667	317	2.41E+05
657	301	2.37E+05
680	328	2.45E+05
677	326	2.44E+05
701	337	2.53E+05
659	305	2.38E+05
672	322	2.43E+05
658	303	2.37E+05
668	318	2.41E+05
695	335	2.51E+05
671	321	2.42E+05
664	313	2.40E+05
698	336	2.52E+05
669	319	2.41E+05
670	320	2.42E+05
709	339	2.56E+05
662	310	2.39E+05
690	333	2.49E+05
5	342	1786
705	338	2.54E+05
719	341	2.60E+05
682	329	2.46E+05
676	325	2.44E+05
714	340	2.58E+05
10	343	3592
688	332	2.48E+05
684	330	2.47E+05
686	331	2.48E+05
665	314	2.40E+05
679	327	2.45E+05
661	308	2.39E+05
693	334	2.50E+05
702	337	2.53E+05
6	342	2147
675	324	2.44E+05
720	341	2.60E+05
710	339	2.56E+05
663	311	2.39E+05
657	300	2.37E+05
699	336	2.52E+05
706	338	2.55E+05
696	335	2.51E+05
660	306	2.38E+05
666	315	2.40E+05
715	340	2.58E+05
681	328	2.46E+05
659	304	2.38E+05
658	302	2.37E+05
691	333	2.49E+05
674	323	2.43E+05
678	326	2.45E+05
7	342	2508
667	316	2.41E+05
673	322	2.43E+05
683	329	2.47E+05
664	312	2.40E+05
662	309	2.39E+05
703	337	2.54E+05
689	332	2.49E+05
668	317	2.41E+05
711	339	2.57E+05
11	343	3953
672	321	2.43E+05
694	334	2.51E+05
685	330	2.47E+05
687	331	2.48E+05
669	318	2.41E+05
707	338	2.55E+05
1	341	341
716	340	2.58E+05
671	320	2.42E+05
670	319	2.42E+05
8	342	2869
677	325	2.44E+05
700	336	2.53E+05
697	335	2.52E+05
680	327	2.45E+05
661	307	2.39E+05
2	341	702
665	313	2.40E+05
657	299	2.37E+05
692	333	2.50E+05
660	305	2.38E+05
663	310	2.39E+05
712	339	2.57E+05
676	324	2.44E+05
9	342	3230
658	301	2.37E+05
704	337	2.54E+05
659	303	2.38E+05
717	340	2.59E+05
682	328	2.46E+05
708	338	2.56E+05
666	314	2.40E+05
690	332	2.49E+05
679	326	2.45E+05
3	341	1063
656	298	2.37E+05
695	334	2.51E+05
701	336	2.53E+05
684	329	2.47E+05
675	323	2.44E+05
698	335	2.52E+05
688	331	2.48E+05
12	343	4314
10	342	3591
686	330	2.48E+05
662	308	2.39E+05
667	315	2.41E+05
664	311	2.40E+05
713	339	2.57E+05
674	322	2.43E+05
718	340	2.59E+05
668	316	2.41E+05
705	337	2.54E+05
4	341	1424
681	327	2.46E+05
678	325	2.45E+05
709	338	2.56E+05
693	333	2.50E+05
673	321	2.43E+05
661	306	2.39E+05
657	298	2.37E+05
669	317	2.41E+05
11	342	3952
672	320	2.43E+05
670	318	2.42E+05
671	319	2.42E+05
665	312	2.40E+05
658	300	2.37E+05
660	304	2.38E+05
702	336	2.53E+05
696	334	2.51E+05
659	302	2.38E+05
719	340	2.60E+05
683	328	2.47E+05
663	309	2.39E+05
691	332	2.49E+05
714	339	2.58E+05
699	335	2.52E+05
677	324	2.44E+05
5	341	1785
12	342	4313
689	331	2.49E+05
685	329	2.47E+05
706	337	2.55E+05
680	326	2.45E+05
710	338	2.56E+05
687	330	2.48E+05
666	313	2.40E+05
13	343	4675
676	323	2.44E+05
662	307	2.39E+05
694	333	2.51E+05
720	340	2.60E+05
6	341	2146
664	310	2.40E+05
13	342	4674
715	339	2.58E+05
703	336	2.54E+05
667	314	2.41E+05
682	327	2.46E+05
697	334	2.52E+05
675	322	2.44E+05
661	305	2.39E+05
700	335	2.53E+05
679	325	2.45E+05
692	332	2.50E+05
658	299	2.37E+05
711	338	2.57E+05
668	315	2.41E+05
707	337	2.55E+05
660	303	2.38E+05
674	321	2.43E+05
659	301	2.38E+05
7	341	2507
684	328	2.47E+05
669	316	2.41E+05
665	311	2.40E+05
690	331	2.49E+05
673	320	2.43E+05
663	308	2.39E+05
716	339	2.58E+05
686	329	2.48E+05
670	317	2.42E+05
672	319	2.43E+05
688	330	2.48E+05
671	318	2.42E+05
678	324	2.45E+05
1	340	340
695	333	2.51E+05
704	336	2.54E+05
681	326	2.46E+05
14	342	5035
8	341	2868
712	338	2.57E+05
701	335	2.53E+05
698	334	2.52E+05
666	312	2.40E+05
2	340	701
708	337	2.56E+05
662	306	2.39E+05
677	323	2.44E+05
717	339	2.59E+05
693	332	2.50E+05
664	309	2.40E+05
683	327	2.47E+05
661	304	2.39E+05
658	298	2.37E+05
667	313	2.41E+05
680	325	2.45E+05
9	341	3229
660	302	2.38E+05
659	300	2.38E+05
705	336	2.54E+05
676	322	2.44E+05
691	331	2.49E+05
3	340	1062
685	328	2.47E+05
713	338	2.57E+05
696	333	2.51E+05
689	330	2.49E+05
687	329	2.48E+05
668	314	2.41E+05
709	337	2.56E+05
718	339	2.59E+05
702	335	2.53E+05
675	321	2.44E+05
663	307	2.39E+05
665	310	2.40E+05
699	334	2.52E+05
10	341	3590
669	315	2.41E+05
15	342	5396
679	324	2.45E+05
682	326	2.46E+05
674	320	2.43E+05
4	340	1423
670	316	2.42E+05
694	332	2.51E+05
673	319	2.43E+05
671	317	2.42E+05
672	318	2.43E+05
662	305	2.39E+05
714	338	2.58E+05
706	336	2.55E+05
666	311	2.40E+05
719	339	2.60E+05
11	341	3951
684	327	2.47E+05
710	337	2.56E+05
678	323	2.45E+05
692	331	2.50E+05
664	308	2.40E+05
661	303	2.39E+05
697	333	2.52E+05
703	335	2.54E+05
659	299	2.38E+05
5	340	1784
660	301	2.38E+05
700	334	2.53E+05
686	328	2.48E+05
681	325	2.46E+05
690	330	2.49E+05
688	329	2.48E+05
667	312	2.41E+05
677	322	2.44E+05
12	341	4312
715	338	2.58E+05
720	339	2.60E+05
707	336	2.55E+05
663	306	2.39E+05
695	332	2.51E+05
711	337	2.57E+05
668	313	2.41E+05
16	342	5757
665	309	2.40E+05
6	340	2145
683	326	2.47E+05
676	321	2.44E+05
680	324	2.45E+05
13	341	4673
704	335	2.54E+05
698	333	2.52E+05
669	314	2.41E+05
675	320	2.44E+05
662	304	2.39E+05
693	331	2.50E+05
701	334	2.53E+05
716	338	2.58E+05
685	327	2.47E+05
670	315	2.42E+05
674	319	2.43E+05
7	340	2506
666	310	2.40E+05
661	302	2.39E+05
659	298	2.38E+05
691	330	2.49E+05
671	316	2.42E+05
708	336	2.56E+05
673	318	2.43E+05
687	328	2.48E+05
679	323	2.45E+05
672	317	2.43E+05
660	300	2.38E+05
712	337	2.57E+05
664	307	2.40E+05
14	341	5034
689	329	2.49E+05
1	339	339
682	325	2.46E+05
696	332	2.51E+05
2	339	700
705	335	2.54E+05
717	338	2.59E+05
667	311	2.41E+05
8	340	2867
678	322	2.45E+05
15	341	5395
699	333	2.52E+05
663	305	2.39E+05
17	342	6118
702	334	2.53E+05
684	326	2.47E+05
694	331	2.51E+05
713	337	2.57E+05
709	336	2.56E+05
665	308	2.40E+05
681	324	2.46E+05
668	312	2.41E+05
677	321	2.44E+05
662	303	2.39E+05
3	339	1061
686	327	2.48E+05
9	340	3228
692	330	2.50E+05
16	341	5756
718	338	2.59E+05
688	328	2.48E+05
669	313	2.41E+05
690	329	2.49E+05
661	301	2.39E+05
676	320	2.44E+05
706	335	2.55E+05
697	332	2.52E+05
660	299	2.38E+05
666	309	2.40E+05
664	306	2.40E+05
680	323	2.45E+05
670	314	2.42E+05
675	319	2.44E+05
683	325	2.47E+05
714	337	2.58E+05
703	334	2.54E+05
700	333	2.53E+05
17	341	6117
710	336	2.56E+05
10	340	3589
4	339	1422
671	315	2.42E+05
674	318	2.43E+05
672	316	2.43E+05
673	317	2.43E+05
719	338	2.60E+05
695	331	2.51E+05
667	310	2.41E+05
18	342	6479
685	326	2.47E+05
663	304	2.39E+05
679	322	2.45E+05
18	341	6478
707	335	2.55E+05
693	330	2.50E+05
11	340	3950
665	307	2.40E+05
682	324	2.46E+05
715	337	2.58E+05
5	339	1783
698	332	2.52E+05
687	327	2.48E+05
662	302	2.39E+05
711	336	2.57E+05
691	329	2.49E+05
689	328	2.49E+05
704	334	2.54E+05
668	311	2.41E+05
678	321	2.45E+05
720	338	2.60E+05
701	333	2.53E+05
661	300	2.39E+05
660	298	2.38E+05
12	340	4311
669	312	2.41E+05
677	320	2.44E+05
684	325	2.47E+05
696	331	2.51E+05
664	305	2.40E+05
6	339	2144
681	323	2.46E+05
666	308	2.40E+05
708	335	2.56E+05
716	337	2.58E+05
670	313	2.42E+05
676	319	2.44E+05
712	336	2.57E+05
686	326	2.48E+05
699	332	2.52E+05
694	330	2.51E+05
13	340	4672
671	314	2.42E+05
705	334	2.54E+05
675	318	2.44E+05
19	341	6839
663	303	2.39E+05
702	333	2.53E+05
674	317	2.43E+05
672	315	2.43E+05
7	339	2505
1	338	338
680	322	2.45E+05
673	316	2.43E+05
667	309	2.41E+05
692	329	2.50E+05
688	327	2.48E+05
690	328	2.49E+05
683	324	2.47E+05
665	306	2.40E+05
662	301	2.39E+05
717	337	2.59E+05
709	335	2.56E+05
14	340	5033
2	338	699
661	299	2.39E+05
697	331	2.52E+05
713	336	2.57E+05
679	321	2.45E+05
668	310	2.41E+05
8	339	2866
685	325	2.47E+05
706	334	2.55E+05
700	332	2.53E+05
664	304	2.40E+05
682	323	2.46E+05
15	340	5394
703	333	2.54E+05
695	330	2.51E+05
666	307	2.40E+05
678	320	2.45E+05
669	311	2.41E+05
718	337	2.59E+05
3	338	1060
687	326	2.48E+05
710	335	2.56E+05
693	329	2.50E+05
9	339	3227
714	336	2.58E+05
677	319	2.44E+05
663	302	2.39E+05
20	341	7200
689	327	2.49E+05
670	312	2.42E+05
691	328	2.49E+05
